0
-32.1275
-32.52899999999999
-26.443500000000014
-22.50400000000001
-21.35050000000001
-28.912000000000006
-39.68000000000003
-39.39600000000001
-32.00800000000001
-26.086000000000006
-14.860000000000005
-19.2095
-15.97399999999999
-25.623499999999993
-17.085500000000003
-24.520500000000013
-20.086999999999996
-20.434999999999995
-32.460499999999996
-24.28249999999999
-27.76
-23.490499999999994
-16.101999999999997
-24.678000000000008
-23.589499999999987
-17.90350000000001
-33.909500000000016
-26.664499999999993
-28.325999999999993
-37.494499999999995
-30.258999999999997
-19.56699999999999
-21.889000000000003
-37.793499999999995
-18.94200000000003
-26.793
-30.746000000000013
-19.91450000000002
-27.23249999999999
-33.27750000000004
-23.952000000000012
-22.249
-19.039499999999993
-20.937000000000005
-26.444500000000016
-18.371500000000005
-25.39050000000001
-19.993999999999996
-18.138499999999997
-22.961000000000013
-18.714500000000005
-23.368999999999993
-18.008499999999984
-20.174500000000013
-27.759999999999987
-43.20450000000001
-18.03750000000001
-24.073999999999998
-20.343999999999998
-20.282000000000007
-32.780000000000015
-40.44299999999999
-35.83149999999999
-31.833499999999997
-30.345499999999998
-29.169000000000015
-18.4885
-22.205000000000005
-20.514
-19.690999999999995
-34.541999999999994
-18.603999999999992
-29.856999999999992
-16.706999999999994
-19.971999999999994
-19.12200000000001
-23.320499999999996
-15.179000000000007
-21.267500000000002
-28.107499999999987
-19.604000000000006
-23.987499999999976
-18.972
-25.091000000000033
-15.299499999999997
-24.617499999999993
-23.18599999999999
-18.162499999999998
-18.518500000000017
-30.775999999999993
-25.01700000000001
-24.316500000000005
-28.80349999999999
-27.964
-21.291000000000015
-17.779999999999994
-35.6315
-27.784000000000006
-16.4705
-23.62000000000001
-19.6055
-36.32349999999999
-28.41350000000002
-27.988499999999988
-37.91999999999999
-33.419499999999985
-21.326000000000004
-33.028499999999994
-31.965499999999995
-17.551000000000005
-18.090500000000006
-17.983500000000003
-37.19299999999999
-23.9165
-36.94799999999996
-35.8405
-28.496000000000002
-19.073500000000028
-29.999499999999976
-27.724999999999998
-24.44099999999998
-32.467
-18.939
-19.344500000000014
-19.948499999999996
-23.52150000000001
-17.193999999999996
-20.329000000000004
-42.21600000000002
-17.8875
-28.991500000000016
-24.126000000000012
-20.388000000000005
-16.572000000000003
-25.45500000000001
-25.409000000000002
-31.227499999999985
-21.4235
-20.631000000000007
-17.966000000000015
-19.00000000000001
-21.426000000000002
-17.66
-21.121999999999996
-19.37900000000001
-23.179500000000022
-18.495000000000005
-30.776500000000006
-24.391
-20.91350000000001
-24.609000000000005
-20.700999999999997
-21.261000000000006
-16.709500000000002
-31.338000000000008
-20.8715
-37.403500000000015
-16.6585
-24.500000000000004
-23.688499999999998
-25.056500000000003
-17.096999999999994
-16.506999999999998
-39.208000000000006
-22.029500000000013
-17.179500000000008
-22.825499999999998
-19.55700000000001
-29.506500000000006
-30.18250000000002
-26.5025
-19.04949999999999
-28.877500000000012
-19.935000000000006
-17.593500000000017
-27.454999999999966
-21.17199999999999
-32.90699999999998
-27.436999999999994
-20.464999999999993
-16.71
-18.8375
-17.079000000000008
-22.107499999999987
-21.957000000000004
-23.850499999999993
-19.341499999999996
-31.30150000000001
-18.68
-19.63099999999999
-15.985000000000019
-20.688000000000006
-15.759000000000004
-15.085500000000001
-32.63499999999999
-18.084500000000006
-17.313500000000005
-15.481000000000002
-41.86750000000002
-16.252000000000017
-16.840000000000003
-19.301000000000005
-19.812000000000015
-32.565999999999995
-21.757500000000018
-18.772499999999997
-27.849499999999995
-17.733000000000008
-34.420000000000016
-28.330499999999997
-32.46749999999997
-21.468
-23.957499999999992
-24.287000000000013
-20.716499999999996
-26.14950000000002
-28.808499999999995
-42.76049999999998
-31.775999999999986
-23.0755
-26.29400000000001
-30.5795
-18.509000000000018
-26.438000000000002
-19.9055
-27.6715
-28.394499999999997
-20.329000000000025
-35.57600000000003
-25.04450000000002
-21.837
-45.22499999999997
-31.673499999999997
-25.94849999999999
-46.5145
-18.7295
-32.248500000000014
-22.4025
-30.990499999999997
-16.666000000000004
-23.23250000000001
-20.921000000000006
-39.903999999999954
-16.210499999999996
-27.39000000000001
-18.61650000000001
-29.47699999999999
-22.865500000000004
-27.262500000000006
-28.3755
-24.563499999999987
-27.56500000000001
-19.166500000000003
-16.382500000000007
-22.297500000000003
-25.118499999999987
-17.549500000000002
-21.086000000000006
-20.280500000000007
-20.337500000000002
-18.16150000000001
-17.508500000000005
-22.238500000000005
-23.915000000000003
-18.187999999999988
-39.666999999999994
-25.20649999999999
-22.097500000000004
-19.5535
-22.5025
-19.692000000000007
-23.408
-34.96399999999999
-20.151499999999995
-21.995500000000007
-24.922000000000004
-19.003500000000006
-20.52150000000001
-23.427
-30.50399999999999
-20.954500000000007
-23.035000000000004
-15.719000000000003
-22.710500000000007
-16.812500000000007
-30.35049999999998
-19.258000000000013
-36.62850000000002
-16.750499999999995
-24.72499999999999
-20.659499999999994
-17.98450000000002
-20.632500000000007
-25.634000000000007
-15.874999999999998
-32.49699999999997
-18.913500000000006
-25.41
-27.778500000000005
-16.240499999999997
-33.17799999999999
-35.920999999999985
-15.041000000000011
-31.824500000000008
-22.486000000000008
-21.130499999999998
-26.987999999999985
-26.43649999999999
-23.402499999999993
-26.37450000000001
-27.179500000000022
-31.269499999999997
-27.905500000000014
-28.958499999999972
-18.55900000000001
-29.648000000000007
-22.60250000000001
-21.132000000000012
-20.948000000000015
-19.173000000000005
-27.369000000000014
-25.9095
-20.182500000000005
-20.107000000000014
-22.1995
-23.199500000000004
-48.99149999999997
-37.67100000000002
-33.360499999999995
-15.076499999999996
-20.0835
-38.35749999999998
-21.227000000000004
-23.224999999999977
-18.554999999999986
-36.291999999999994
-29.512500000000003
-24.405500000000004
-39.18249999999999
-27.205500000000004
-24.624999999999996
-25.713000000000005
-36.62750000000002
-30.36049999999998
-19.65950000000002
-31.967000000000006
-21.4965
-18.755500000000026
-18.789500000000007
-21.500500000000017
-20.050000000000015
-29.39250000000001
-21.374999999999986
-16.6485
-23.704000000000008
-17.166
-25.7875
-21.484000000000005
-28.0305
-14.077500000000002
-22.72550000000001
-18.41100000000001
-16.378
-22.413500000000003
-32.18400000000002
-24.49550000000001
-18.777499999999996
-29.72750000000002
-28.20699999999999
-36.93400000000001
-32.684500000000014
-19.7205
-21.888500000000025
-16.92350000000002
-19.124499999999994
-25.25599999999999
-23.621499999999997
-20.565499999999993
-21.75850000000002
-35.1725
-19.200000000000006
-23.541499999999992
-30.051000000000002
-20.004999999999995
-15.18650000000001
-18.075499999999995
-17.577999999999996
-18.531500000000012
-19.043500000000005
-23.0555
-34.03099999999999
-18.8795
-23.072499999999987
-18.340500000000002
-22.31450000000002
-22.82
-23.839500000000005
-19.951000000000008
-29.948499999999978
-21.14100000000002
-26.99299999999999
-21.47450000000002
-34.999500000000026
-23.935000000000013
-18.516499999999997
-28.398500000000006
-26.536500000000007
-21.311500000000002
-22.705000000000005
-18.92399999999999
-26.414499999999997
-24.754500000000004
-42.84049999999998
-33.07350000000001
-16.371499999999997
-18.979500000000012
-47.84200000000001
-35.221500000000006
-17.544000000000008
-30.018500000000014
-22.559500000000007
-18.267
-25.399000000000008
-21.91350000000001
-40.661000000000016
-24.888999999999992
-31.536999999999995
-17.472499999999997
-26.309000000000015
-19.3505
-23.688
-21.268000000000015
-18.95900000000002
-19.619
-16.679499999999997
-23.592499999999983
-21.03799999999999
-27.925000000000004
-24.844000000000023
-18.100500000000004
-28.69850000000001
-19.738000000000003
-34.467499999999994
-29.33149999999999
-31.069
-18.17200000000001
-20.31450000000003
-19.5215
-20.904000000000003
-17.95300000000001
-28.799000000000028
-32.81200000000002
-25.983500000000006
-27.957999999999995
-22.471499999999995
-17.0045
-22.754500000000007
-18.011
-17.342
-15.736999999999995
-19.019499999999994
-20.175499999999996
-24.30900000000002
-22.41650000000001
-18.0105
-18.6035
-30.330500000000004
-23.313999999999997
-29.442499999999978
-18.52250000000001
-17.132500000000007
-28.721999999999987
-19.039000000000005
-27.753500000000017
-27.756
-30.39199999999999
-24.468499999999985
-18.515000000000022
-21.78950000000001
-23.866500000000006
-38.33500000000001
-23.111500000000014
-26.897999999999975
-29.369000000000007
-23.431000000000004
-21.122000000000018
-19.000499999999995
-27.008500000000005
-20.909999999999986
-30.787500000000005
-28.613
-22.50600000000003
-18.927000000000007
-26.473499999999998
-23.313500000000005
-17.230999999999998
-25.946000000000012
-16.729
-19.712500000000002
-20.082500000000014
-17.001
-13.6685
-19.841500000000007
-19.24050000000001
-20.947999999999997
-20.5295
-24.293500000000034
-29.782499999999967
-17.726
-19.286000000000016
-22.11800000000001
-17.567500000000003
-20.386499999999998
-34.23200000000002
-23.560000000000006
-27.275000000000016
-18.221000000000004
-20.228500000000004
-29.015499999999996
-37.94000000000002
-22.186999999999998
-21.131
-19.6065
-25.973499999999998
-21.86799999999999
-28.187
-29.388500000000025
-18.09450000000001
-23.108500000000006
-41.047999999999995
-15.475499999999997
-25.1875
-26.017000000000014
-31.808000000000003
-35.523
-18.776500000000013
-27.41250000000001
-25.558500000000006
-16.65500000000001
-18.791000000000004
-24.073
-27.474499999999995
-29.211000000000006
-30.471499999999978
-18.271999999999995
-27.301
-23.5085
-36.39800000000002
-18.392999999999997
-22.659999999999997
-23.677999999999987
-27.69900000000001
-25.479499999999987
-28.080500000000015
-19.49000000000001
-32.435500000000005
-21.7025
-21.789000000000023
-29.508000000000003
-22.463000000000005
-12.880999999999995
-38.71999999999999
-27.82800000000002
-27.499500000000026
-29.852999999999984
-24.39699999999999
-21.108
-18.881500000000003
-30.598499999999998
-17.432500000000005
-23.405500000000014
-23.63549999999999
-35.161500000000025
-21.11099999999999
-28.202999999999967
-20.859000000000012
-20.29400000000001
-20.817500000000013
-24.319000000000017
-27.401000000000003
-29.050499999999996
-23.9985
-27.604999999999993
-20.616500000000013
-19.52300000000001
-32.36650000000002
-16.147000000000006
-30.863999999999965
-20.259000000000004
-23.077499999999993
-23.246500000000005
-17.791500000000035
-19.919000000000008
-23.6765
-20.449
-20.468000000000018
-17.458500000000004
-24.738500000000005
-22.62400000000002
-27.889
-32.993000000000016
-20.199000000000005
-32.112000000000016
-21.983999999999995
-23.055000000000014
-30.45700000000002
-19.897999999999996
-18.193
-17.329
-22.935500000000005
-27.014500000000012
-26.446500000000004
-22.43200000000002
-27.360000000000017
-28.328500000000002
-29.384500000000003
-23.493999999999996
-22.983000000000015
-33.795500000000004
-21.47500000000002
-16.079500000000003
-14.846000000000005
-24.3655
-31.02050000000002
-26.673500000000004
-19.982500000000012
-17.88749999999999
-24.012000000000008
-23.21749999999999
-29.479
-27.400499999999983
-37.490000000000016
-26.64800000000001
-23.272500000000008
-23.69649999999999
-16.388000000000005
-24.424500000000002
-20.15600000000001
-27.630500000000005
-26.103000000000016
-29.859499999999993
-33.16700000000001
-35.606000000000016
-16.677000000000007
-21.241500000000002
-30.762500000000003
-18.018000000000008
-36.11299999999996
-20.98600000000002
-21.644000000000005
-31.03200000000001
-20.5555
-24.06
-22.933500000000024
-18.466999999999995
-30.261999999999986
-27.43100000000001
-21.297499999999992
-26.01549999999999
-19.23500000000002
-18.457499999999996
-36.55249999999997
-35.23250000000001
-23.124499999999998
-28.179499999999976
-29.03450000000002
-25.549000000000007
-26.78800000000001
-18.913499999999992
-27.987
-15.984500000000008
-27.940499999999982
-23.882999999999996
-29.84250000000003
-12.846000000000004
-25.51850000000001
-18.294
-23.309000000000008
-20.53449999999999
-37.60250000000003
-15.900499999999996
-27.43700000000001
-14.15
-20.05
-17.386500000000005
-16.672000000000004
-27.878500000000003
-21.697499999999987
-24.7645
-43.135499999999986
-32.58000000000001
-23.700999999999986
-15.142000000000015
-18.995000000000008
-25.15800000000001
-16.507499999999997
-38.47100000000004
-24.910499999999992
-28.118000000000002
-16.278
-19.75299999999999
-22.087
-19.454999999999995
-19.894000000000002
-16.564500000000006
-25.311999999999987
-33.272999999999996
-20.387500000000003
-21.21949999999998
-29.910000000000025
-15.861
-34.278499999999994
-25.81100000000001
-16.74
-19.301
-21.528999999999993
-13.423999999999998
-18.309499999999996
-16.95300000000001
-19.896
-21.067000000000004
-34.3795
-20.365499999999997
-33.56400000000002
-30.602000000000018
-33.55500000000002
-28.400500000000005
-22.935000000000016
-31.922499999999992
-21.352500000000028
-23.884500000000006
-18.076500000000003
-24.558000000000003
-21.20500000000002
-21.250500000000002
-27.322000000000003
-22.587
-32.96250000000002
-9.356499999999999
-17.65999999999999
-28.992500000000003
-17.07300000000001
-17.38850000000001
-15.978000000000009
-16.141000000000002
-17.019499999999987
-24.24150000000001
-22.89250000000001
-26.624499999999983
-22.62049999999999
-28.38699999999999
-20.695499999999992
-21.327500000000008
-22.506500000000006
-17.761000000000013
-17.17600000000001
-32.06649999999999
-26.031999999999996
-19.387000000000018
-18.144
-24.602500000000017
-25.615000000000013
-26.883499999999984
-21.5025
-23.590999999999994
-20.116500000000002
-30.771499999999985
-27.46900000000002
-22.881499999999992
-16.8605
-20.884000000000015
-30.2795
-23.647000000000002
-21.07350000000001
-21.41650000000001
-21.381999999999998
-24.386500000000016
-22.140999999999988
-17.237000000000005
-18.927000000000017
-19.555499999999988
-17.512999999999998
-32.23049999999999
-20.863000000000017
-19.262000000000008
-25.972
-26.026000000000003
-16.2
-17.516500000000004
-18.943000000000005
-22.26650000000002
-19.625
-17.66700000000001
-29.241000000000014
-43.0605
-32.24150000000001
-25.831
-30.271000000000022
-30.674500000000016
-17.30149999999999
-16.42850000000001
-21.0165
-22.955500000000015
-24.151499999999995
-19.487500000000008
-25.50049999999999
-26.277999999999995
-20.062
-33.62649999999998
-21.60599999999999
-16.365500000000008
-27.3605
-37.21699999999998
-17.894500000000004
-26.759999999999962
-19.70499999999999
-17.955500000000015
-20.444000000000003
-32.1555
-15.948500000000012
-37.61399999999998
-22.368
-20.529999999999994
-18.837500000000013
-24.9705
-17.936000000000018
-39.60350000000003
-17.3185
-39.31449999999999
-16.816499999999998
-25.077499999999993
-14.569999999999997
-24.743500000000008
-25.9315
-20.909500000000005
-32.208999999999975
-20.22449999999999
-17.039500000000015
-19.661999999999992
-20.502999999999993
-43.76199999999998
-17.81650000000001
-22.801500000000004
-15.40650000000001
-25.693000000000012
-23.363500000000002
-27.26950000000002
-23.470000000000024
-27.432999999999996
-23.546999999999983
-17.909000000000006
-35.13349999999997
-22.244500000000013
-28.570500000000006
-32.846000000000025
-37.2405
-18.01450000000001
-18.317
-26.499
-17.45949999999999
-16.62850000000001
-26.444
-17.527000000000015
-19.8795
-22.147500000000008
-23.050500000000007
-18.994500000000002
-18.2325
-16.551000000000002
-19.818000000000005
-37.035
-23.90700000000002
-23.396500000000003
-19.039500000000007
-27.101500000000026
-30.529000000000014
-15.673000000000007
-21.081500000000002
-21.78300000000001
-18.712000000000003
-19.513
-20.554499999999994
-29.138499999999993
-32.83750000000001
-22.289500000000007
-20.871499999999997
-22.218499999999995
-36.18000000000002
-30.774500000000007
-18.875000000000004
-19.49249999999999
-43.08900000000002
-25.661500000000014
-18.25750000000001
-18.856499999999986
-28.186500000000013
-17.655999999999995
-20.053
-34.14100000000002
-18.9055
-16.912
-33.6015
-39.456500000000005
-21.36600000000002
-24.54450000000001
-33.517500000000005
-15.382
-32.89799999999998
-18.03000000000001
-26.569999999999993
-15.089000000000006
-35.71849999999996
-18.088000000000005
-26.50500000000001
-26.301500000000004
-20.147500000000004
-22.526500000000006
-28.28449999999999
-33.515499999999996
-28.738000000000003
-22.878000000000025
-17.873000000000005
-16.117000000000004
-20.754000000000012
-17.948499999999996
-24.194000000000003
-21.13050000000001
-20.719500000000014
-21.163000000000014
-16.219500000000004
-28.1015
-33.53450000000002
-22.792500000000004
-18.903999999999982
-18.278500000000005
-8.722
-20.009499999999996
-23.9385
-20.799499999999995
-23.156000000000006
-16.553999999999995
-29.323000000000025
-26.22199999999999
-18.479999999999997
-19.25650000000001
-15.810000000000011
-32.78350000000001
-36.622499999999974
-18.647999999999996
-19.58600000000001
-18.59600000000002
-26.043499999999998
-29.300499999999992
-21.69800000000001
-26.22300000000001
-18.23650000000001
-31.35500000000002
-20.09650000000002
-21.361500000000003
-15.635999999999992
-16.24950000000001
-16.645000000000007
-21.533499999999997
-19.46799999999999
-22.929499999999983
-16.544500000000003
-27.560999999999993
-35.91350000000001
-33.12949999999999
-23.638499999999993
-37.65750000000004
-21.513000000000016
-23.72350000000001
-15.814000000000009
-23.21300000000002
-36.36299999999998
-21.108999999999998
-32.73700000000001
-25.942
-23.840000000000003
-24.849500000000006
-25.971499999999992
-20.412500000000012
-26.721999999999973
-21.407500000000024
-35.61749999999998
-15.539500000000002
-26.788499999999985
-23.824499999999993
-15.787000000000011
-21.9755
-27.392500000000005
-36.67599999999997
-15.847500000000013
-21.317999999999994
-27.36000000000001
-21.276500000000002
-20.296999999999983
-21.601500000000005
-20.386500000000005
-22.26400000000001
-16.503500000000006
-18.074
-24.069999999999997
-19.308000000000007
-20.433000000000014
-27.0135
-16.49899999999999
-26.945500000000003
-25.010499999999986
-34.95449999999999
-20.110500000000012
-22.756999999999984
-21.904000000000014
-17.693500000000007
-33.1015
-21.600500000000025
-39.760999999999996
-19.343499999999995
-29.332500000000003
-26.109
-17.017000000000003
-21.545499999999997
-20.383000000000003
-17.635499999999997
-14.787500000000007
-18.84050000000001
-19.534499999999998
-19.169499999999996
-36.7305
-17.989500000000003
-29.786000000000023
-19.42100000000001
-19.4055
-26.18950000000001
-20.304999999999993
-16.02400000000001
-20.79500000000002
-16.774000000000004
-18.185000000000013
-19.13
-21.698000000000004
-26.88400000000001
-17.90050000000001
-22.08500000000001
-17.461500000000004
-29.715000000000007
-17.838500000000003
-26.138999999999996
-19.546999999999993
-27.78050000000001
-21.05100000000001
-25.42000000000001
-18.150500000000005
-31.18099999999998
-22.9995
-30.790500000000005
-22.3385
-19.897000000000002
-16.443999999999996
-16.288500000000003
-17.077999999999996
-15.796000000000003
-29.009499999999996
-17.9635
-23.38149999999998
-20.912999999999986
-18.079500000000017
-20.59750000000001
-24.2035
-30.511500000000012
-34.0525
-18.587000000000003
-39.907000000000025
-18.02250000000001
-30.549499999999995
-17.624499999999994
-17.40600000000002
-40.48500000000001
-21.97750000000001
-17.97050000000001
-24.026
-26.778499999999998
-27.48900000000001
-37.356500000000025
-20.079000000000015
-35.177500000000016
-15.760500000000006
-26.548000000000012
-18.546499999999995
-14.641000000000002
-21.788500000000028
-18.530500000000004
-38.575500000000005
-25.32450000000001
-26.395499999999995
-24.795000000000016
-28.478500000000004
-20.29699999999999
-17.611000000000004
-20.413999999999994
-28.129500000000004
-26.649500000000003
-33.581999999999994
-18.942500000000003
-35.79749999999999
-23.4635
-13.198000000000002
-31.18899999999999
-16.918499999999995
-28.757999999999978
-18.878499999999995
-24.059000000000005
-44.04450000000003
-16.567500000000003
-22.714999999999996
-15.790000000000013
-16.284500000000005
-26.017
-23.677499999999988
-23.815499999999993
-40.45449999999999
-29.647500000000004
-17.9825
-32.7325
-28.76449999999998
-33.42950000000001
-29.997500000000002
-18.91350000000001
-25.523000000000007
-29.12499999999999
-25.646499999999996
-31.159500000000005
-18.499500000000012
-16.15900000000002
-27.63250000000001
-21.453999999999994
-25.1225
-22.955000000000005
-26.3175
-27.41949999999999
-15.310000000000013
-32.736000000000004
-31.253999999999994
-17.859
-16.78149999999999
-21.867500000000014
-30.745500000000003
-31.980000000000018
-25.279000000000007
-16.515000000000008
-15.734500000000006
-15.641000000000009
-28.763999999999985
-17.086499999999994
-26.470999999999993
-14.410500000000004
-31.231000000000012
-30.10999999999998
-24.21349999999998
-14.559999999999999
-20.112
-20.378000000000018
-18.397
-26.173999999999996
-27.220500000000023
-33.963999999999984
-27.44049999999999
-21.035500000000003
-18.548000000000005
-23.048
-17.268000000000008
-23.931999999999988
-24.944500000000016
-17.80950000000001
-21.70000000000001
-34.32850000000002
-17.198
-14.603500000000015
-20.305000000000003
-20.145000000000014
-26.431000000000008
-21.061500000000002
-21.317500000000006
-21.289000000000026
-24.56050000000001
-16.858000000000004
-20.981000000000016
-18.527000000000022
-26.228000000000026
-17.831999999999997
-31.873000000000008
-28.93850000000001
-32.24050000000001
-25.885000000000016
-16.190000000000005
-16.552
-25.22499999999999
-22.203999999999994
-17.2315
-37.86299999999999
-17.006499999999996
-33.08850000000001
-19.7105
-22.91850000000001
-17.482
-25.322000000000006
-31.736499999999992
-33.124999999999986
-16.15099999999999
-28.656500000000012
-16.320999999999998
-19.0875
-16.446500000000007
-34.09149999999999
-17.6775
-20.395500000000016
-15.781499999999994
-17.097499999999997
-22.989499999999996
-14.982000000000003
-25.697999999999983
-29.671500000000016
-34.04649999999999
-16.438999999999986
-18.092000000000013
-20.007500000000014
-23.880999999999993
-28.9685
-44.833000000000034
-27.80799999999999
-22.566500000000023
-22.427499999999988
-25.459999999999987
-23.22550000000001
-29.395999999999994
-15.766
-33.483999999999995
-30.473500000000005
-18.274500000000007
-18.337
-26.635000000000023
-23.891
-24.035500000000017
-31.975500000000018
-19.467
-34.88850000000001
-18.165499999999998
-26.740000000000006
-25.80950000000003
-17.3505
-20.725000000000012
-25.243999999999993
-17.985500000000012
-33.92449999999999
-23.43699999999999
-23.762000000000015
-24.950499999999987
-20.556000000000008
-20.982500000000016
-17.493999999999996
-19.775500000000005
-27.69149999999999
-32.3875
-19.700000000000014
-16.290500000000005
-17.182499999999994
-19.686000000000018
-25.185500000000005
-20.235999999999994
-21.390999999999995
-27.52349999999999
-20.621000000000006
-25.04599999999999
-22.198
-15.936500000000002
-23.15599999999999
-18.254000000000005
-14.426500000000008
-20.183
-15.18049999999998
-23.050000000000004
-22.222500000000014
-32.287499999999994
-19.153000000000006
-36.152500000000025
-27.495499999999975
-16.075500000000005
-19.168999999999997
-14.568000000000001
-15.344000000000003
-29.626500000000014
-29.338
-25.193999999999996
-24.726000000000003
-18.324499999999997
-24.614
-20.79950000000001
-20.246999999999996
-15.9775
-32.05050000000001
-21.08250000000001
-27.024000000000022
-19.868000000000006
-18.274500000000007
-25.237000000000005
-30.696000000000005
-21.928499999999993
-29.986500000000003
-27.272999999999996
-17.9305
-15.839999999999998
-26.585999999999984
-30.318000000000005
-27.931000000000004
-17.78450000000001
-21.398500000000002
-29.771500000000007
-23.670499999999997
-30.895
-24.817500000000003
-29.527000000000005
-31.5515
-19.064000000000007
-21.154000000000003
-23.776500000000002
-15.702000000000004
-18.285999999999998
-21.360000000000007
-28.152499999999982
-28.125499999999995
-22.662500000000012
-21.458000000000027
-23.630500000000012
-31.184
-23.726499999999994
-19.238999999999994
-28.382499999999993
-24.166999999999984
-18.788999999999987
-21.741000000000025
-16.80950000000001
-22.599000000000018
-20.408500000000007
-16.987500000000004
-16.889499999999995
-23.657000000000014
-25.2665
-19.76150000000001
-15.476000000000008
-18.094000000000015
-21.52850000000002
-21.819499999999994
-17.60850000000001
-19.935000000000013
-19.590000000000007
-20.249499999999998
-21.945000000000014
-22.750000000000004
-20.034500000000012
-22.29950000000001
-18.571
-18.077500000000008
-15.1125
-19.2885
-24.35550000000002
-28.441000000000003
-21.085000000000004
-27.18549999999999
-29.277000000000008
-26.48250000000001
-22.517500000000005
-17.910000000000007
-19.485500000000005
-18.103500000000007
-17.047500000000007
-16.333499999999994
-30.02100000000001
-19.109
-19.902499999999996
-19.642000000000003
-25.202500000000004
-36.819000000000045
-25.813000000000002
-28.506500000000024
-23.530500000000004
-22.032500000000006
-25.32800000000002
-29.30749999999998
-15.0675
-23.308500000000002
-17.146500000000003
-16.744499999999988
-22.07449999999999
-16.903499999999994
-30.275000000000006
-19.1545
-36.238000000000035
-18.313500000000005
-19.476000000000024
-18.793999999999993
-15.92900000000001
-27.723499999999987
-26.532500000000002
-33.33199999999999
-24.970999999999993
-17.76950000000001
-16.790500000000023
-35.26950000000003
-28.561499999999995
-24.941000000000006
-19.489000000000022
-30.077999999999996
-22.427500000000006
-22.106500000000015
-24.021000000000015
-28.291999999999998
-20.617999999999988
-20.119499999999995
-17.02550000000001
-20.474000000000007
-19.89700000000002
-21.93950000000001
-28.28750000000003
-24.11050000000001
-30.605
-26.389000000000024
-23.321500000000004
-31.546499999999995
-16.611999999999995
-25.323000000000008
-23.944500000000012
-29.971500000000006
-18.135499999999993
-27.14999999999999
-32.89799999999998
-33.422000000000004
-24.19200000000002
-28.677999999999997
-38.4825
-28.66149999999999
-21.573500000000006
-28.86949999999999
-33.7845
-17.648000000000017
-21.751500000000004
-31.11450000000002
-15.544000000000011
-23.187000000000015
-24.041000000000007
-23.946999999999992
-25.172499999999996
-28.30750000000001
-21.161999999999995
-32.574499999999986
-27.141999999999992
-32.021000000000015
-21.80000000000001
-19.876
-22.8345
-29.073999999999987
-19.139999999999997
-18.736500000000007
-25.47950000000001
-28.33549999999999
-40.74000000000001
-10.604999999999999
-15.882000000000014
-23.96000000000002
-19.25900000000001
-14.159
-39.20799999999999
-28.65499999999998
-18.025000000000002
-21.942499999999995
-35.47700000000003
-32.273499999999984
-22.395000000000007
-17.02150000000001
-19.808499999999984
-25.567000000000004
-42.82400000000004
-26.70499999999999
-24.2205
-16.39500000000001
-22.3215
-31.1685
-22.6505
-19.02550000000001
-17.032
-18.633000000000003
-22.706500000000013
-26.165499999999998
-23.330999999999996
-26.93999999999998
-28.5825
-19.831500000000002
-20.93149999999999
-33.821000000000005
-18.984000000000023
-19.211000000000013
-28.114499999999982
-16.751500000000004
-23.499500000000005
-14.872
-17.708999999999996
-17.35650000000001
-19.386500000000023
-18.237499999999997
-22.967000000000024
-18.84650000000001
-15.795499999999999
-18.10450000000001
-18.332500000000007
-24.76049999999999
-20.956500000000023
-25.425000000000022
-18.54850000000001
-23.970999999999997
-16.482
-17.34550000000001
-20.045999999999992
-19.418500000000005
-15.846500000000002
-17.455000000000002
-28.140000000000022
-31.589499999999997
-18.526500000000006
-32.39200000000001
-28.56400000000001
-20.123
-20.441000000000003
-21.054000000000006
-21.072499999999994
-21.823000000000008
-24.987499999999986
-24.7505
-32.36050000000001
-33.52549999999999
-24.1975
-18.9545
-31.690499999999993
-24.33200000000001
-19.2525
-23.773999999999997
-18.1385
-8.593500000000002
-30.80100000000001
-25.27700000000001
-16.024500000000007
-16.13150000000001
-21.188000000000006
-29.17199999999998
-33.07350000000002
-21.277000000000005
-33.09549999999999
-19.7545
-20.5025
-15.096499999999988
-28.090999999999998
-17.628499999999992
-18.998000000000005
-23.690500000000018
-27.513000000000012
-18.521500000000007
-19.619
-18.531
-24.254000000000012
-26.143500000000003
-22.98650000000002
-14.595000000000008
-22.647500000000022
-19.646500000000003
-19.50350000000001
-29.91750000000001
-34.033499999999975
-21.41700000000001
-18.54350000000001
-17.7245
-17.231
-18.095500000000012
-29.98400000000003
-22.05000000000001
-32.4585
-20.63950000000001
-22.208000000000002
-32.2945
-22.460500000000003
-31.98850000000001
-19.322000000000003
-33.114
-18.206000000000007
-18.721999999999994
-20.31100000000002
-23.766499999999983
-27.252999999999986
-30.40450000000001
-22.40549999999999
-24.734500000000008
-20.599000000000018
-21.727500000000003
-20.766999999999992
-19.99100000000002
-21.3675
-31.115999999999982
-24.73800000000001
-36.53299999999998
-19.821
-25.590500000000027
-18.63350000000001
-19.3315
-30.296000000000024
-18.870000000000005
-26.24299999999998
-24.059999999999995
-29.112500000000022
-20.663000000000007
-21.5315
-19.75650000000001
-25.462499999999995
-39.168000000000035
-22.784999999999997
-35.57499999999999
-29.304999999999993
-23.57300000000002
-21.480500000000017
-17.327500000000004
-19.781500000000015
-33.454000000000015
-26.492000000000004
-19.58250000000002
-25.78700000000001
-31.62600000000001
-18.582
-26.151500000000002
-29.047000000000004
-27.447999999999997
-32.729
-34.064
-16.856500000000008
-18.492500000000014
-24.81549999999999
-16.389000000000003
-24.748500000000025
-15.374500000000005
-20.92199999999999
-23.036500000000004
-33.12950000000002
-35.45249999999999
-21.90349999999999
-21.65150000000001
-19.366000000000014
-21.862000000000013
-18.195
-29.300999999999974
-19.148000000000003
-24.32950000000002
-35.03100000000005
-28.913000000000004
-17.993
-34.13800000000001
-20.77799999999999
-23.134499999999967
-18.118500000000004
-12.3365
-17.908999999999995
-34.37699999999997
-16.6035
-33.807
-19.020500000000002
-27.790999999999983
-18.697500000000012
-20.507499999999997
-26.855500000000003
-24.734000000000005
-27.9665
-22.859000000000005
-19.125000000000014
-21.543000000000013
-26.005500000000037
-19.78450000000001
-32.887
-15.21499999999999
-30.854499999999998
-16.939500000000002
-16.296500000000012
-20.407500000000006
-22.617000000000026
-16.223499999999994
-16.732000000000014
-29.148500000000016
-26.799499999999973
-23.70450000000001
-19.01900000000001
-38.497499999999974
-19.66250000000002
-34.937000000000005
-22.455000000000005
-18.44
-18.37100000000001
-24.634500000000003
-21.527500000000007
-22.773000000000007
-19.49400000000001
-16.735500000000002
-26.0845
-22.77600000000001
-22.536499999999993
-18.736
-23.477500000000013
-17.11200000000001
-29.156000000000002
-23.16750000000001
-17.75650000000002
-24.344000000000005
-23.74550000000001
-19.069500000000016
-16.3715
-20.455499999999997
-21.914000000000005
-24.65549999999998
-17.672500000000007
-32.460999999999984
-26.069499999999987
-17.52350000000001
-17.965000000000018
-23.688500000000015
-19.69600000000001
-15.27500000000001
-26.23700000000001
-22.654500000000002
-16.82200000000001
-25.473499999999994
-17.524999999999995
-20.734
-27.983500000000003
-27.08699999999999
-16.811500000000002
-16.295499999999997
-26.228499999999997
-16.51250000000001
-19.534999999999997
-19.997500000000002
-20.397999999999993
-22.7975
-22.848500000000005
-16.680500000000002
-39.78099999999996
-19.3445
-19.460500000000017
-18.33649999999999
-34.91999999999999
-19.156499999999998
-27.507000000000016
-20.379500000000014
-23.824499999999997
-29.88050000000001
-23.502999999999986
-25.070499999999996
-30.457999999999995
-32.86500000000001
-20.132
-27.038000000000004
-24.821999999999996
-26.062500000000018
-15.761499999999996
-22.622000000000003
-21.683999999999994
-10.936499999999999
-17.306000000000008
-34.212
-21.71000000000001
-23.024499999999982
-27.093000000000004
-34.59399999999999
-19.996500000000015
-22.818499999999993
-21.252500000000005
-17.364
-28.16050000000001
-27.9305
-22.93200000000001
-29.047
-19.464000000000002
-22.828500000000005
-20.345999999999982
-27.144499999999987
-21.793000000000017
-18.012000000000018
-22.831499999999984
-24.43299999999999
-18.982000000000003
-28.428000000000026
-18.2805
-15.804499999999999
-17.438000000000006
-30.979000000000028
-17.342000000000002
-19.35500000000001
-31.791
-21.087000000000014
-21.406500000000012
-17.093999999999998
-24.806500000000007
-23.31400000000001
-26.359000000000005
-21.217500000000012
-22.67100000000001
-16.255000000000003
-18.463499999999996
-22.540500000000005
-30.491499999999995
-18.64300000000002
-31.432500000000008
-24.060499999999994
-16.553999999999988
-28.550500000000024
-15.596500000000002
-25.021000000000022
-17.287000000000003
-15.698999999999998
-24.220500000000015
-17.108500000000003
-18.58000000000001
-22.548500000000004
-21.22700000000001
-17.920500000000004
-22.2755
-28.53450000000002
-29.025000000000016
-18.009500000000003
-17.829999999999984
-20.907000000000004
-7.7945
-16.633499999999998
-25.46400000000001
-29.07299999999999
-23.211500000000008
-23.53900000000001
-20.30100000000002
-22.469500000000007
-33.58900000000002
-25.446500000000004
-19.556499999999993
-23.696499999999986
-19.0905
-29.13100000000001
-14.785000000000013
-23.046500000000012
-19.2675
-20.065999999999992
-34.53499999999999
-19.858
-26.739000000000015
-22.313500000000005
-21.342000000000024
-23.309500000000007
-27.54399999999998
-16.092
-32.236
-18.114499999999992
-20.565499999999997
-34.295500000000004
-27.250500000000002
-22.424500000000016
-24.24249999999999
-27.162499999999966
-17.061000000000007
-25.302499999999988
-17.131000000000007
-29.4465
-17.95750000000001
-22.731000000000005
-39.544000000000025
-20.201
-36.189000000000036
-18.687499999999986
-32.9165
-18.167
-28.900999999999986
-17.877500000000005
-17.672
-20.299500000000013
-18.79800000000001
-19.13300000000001
-23.567500000000006
-18.341000000000015
-25.881
-21.06299999999999
-16.456500000000005
-23.65150000000002
-16.82850000000001
-25.51650000000001
-19.68650000000002
-20.566000000000003
-19.091000000000015
-23.202000000000005
-18.268999999999988
-22.287500000000012
-13.459500000000006
-19.702500000000004
-24.12399999999998
-28.693999999999996
-31.420499999999983
-22.698999999999995
-22.811499999999995
-24.044000000000004
-18.564
-25.722500000000004
-20.643500000000003
-18.217000000000002
-25.999000000000002
-19.384999999999998
-17.808
-33.52900000000001
-28.844500000000014
-20.526000000000007
-20.148499999999995
-16.119000000000007
-23.180999999999994
-36.398500000000006
-18.5315
-17.552000000000014
-30.323999999999998
-19.276500000000006
-43.28049999999998
-21.018500000000007
-28.92
-20.197999999999997
-23.367500000000007
-17.589000000000006
-18.328999999999986
-16.519
-30.346000000000007
-18.3985
-16.339000000000002
-27.176500000000015
-17.818500000000004
-16.82499999999999
-18.536499999999993
-34.80150000000002
-31.141999999999996
-22.19750000000001
-16.25750000000001
-20.305500000000002
-25.303499999999985
-32.34500000000001
-34.57600000000003
-33.49250000000001
-15.317499999999997
-21.830500000000008
-32.033500000000004
-17.8465
-19.471500000000006
-22.00200000000001
-24.229999999999976
-18.649499999999993
-23.24249999999999
-19.81250000000001
-31.205000000000016
-24.7145
-23.26349999999999
-31.360999999999983
-17.96250000000001
-23.412000000000006
-25.425000000000015
-23.207000000000004
-16.2605
-25.363000000000024
-18.05700000000001
-25.833
-19.670500000000008
-16.66550000000001
-23.069000000000006
-18.875500000000017
-9.042
-22.236999999999995
-31.067500000000003
-16.649000000000004
-16.2245
-18.694499999999998
-16.369499999999995
-32.6635
-19.103000000000016
-16.919500000000014
-19.682499999999997
-18.82250000000002
-21.033
-25.130999999999997
-15.826500000000003
-25.71750000000001
-22.631999999999987
-32.53099999999999
-17.038999999999998
-28.015000000000004
-18.289000000000012
-37.875500000000024
-31.872000000000018
-31.6625
-24.971
-21.297500000000014
-22.297000000000004
-26.208000000000016
-37.455500000000015
-14.8735
-21.398500000000006
-18.945000000000004
-25.721000000000018
-22.27600000000001
-16.495000000000008
-40.829999999999956
-25.4495
-16.857000000000003
-18.148000000000014
-18.170499999999993
-30.610999999999997
-18.700000000000006
-25.244500000000023
-29.63749999999998
-19.013500000000004
-23.586499999999997
-17.962
-17.7315
-30.44199999999999
-21.96650000000003
-18.420000000000012
-18.629
-27.186999999999998
-21.036000000000012
-29.953000000000003
-21.063499999999987
-25.266999999999992
-21.026999999999994
-33.39399999999996
-25.79600000000001
-20.7175
-17.227
-20.332499999999992
-22.57600000000003
-17.62300000000002
-26.561500000000006
-20.733499999999985
-16.518500000000017
-26.563499999999983
-20.626000000000015
-24.634499999999974
-16.600499999999997
-19.384500000000006
-17.289500000000004
-18.498000000000005
-21.5015
-26.4915
-18.366500000000016
-17.531500000000005
-22.05999999999999
-25.154000000000003
-32.6425
-20.98050000000001
-19.7765
-18.77300000000002
-16.94500000000002
-26.639000000000017
-24.419999999999998
-32.04650000000001
-21.817999999999998
-37.69450000000003
-22.194499999999998
-28.564000000000018
-18.25299999999999
-28.81350000000002
-17.115500000000004
-20.90000000000001
-26.682000000000006
-27.149500000000014
-17.978000000000016
-20.42550000000001
-19.939500000000006
-24.264500000000005
-19.541499999999985
-38.17600000000003
-22.780500000000004
-26.03199999999998
-17.227000000000007
-17.146000000000015
-22.88050000000001
-20.029999999999994
-21.9
-31.033500000000014
-18.321000000000012
-19.25
-30.852000000000004
-25.616
-19.81450000000002
-28.236500000000014
-16.146000000000008
-22.450499999999998
-33.605999999999995
-25.648999999999994
-28.018000000000004
-26.141
-21.36150000000001
-16.898999999999994
-15.589500000000001
-18.647499999999994
-24.755000000000017
-28.80649999999997
-26.2065
-19.121000000000006
-20.055000000000025
-18.257499999999993
-18.062000000000005
-23.1935
-16.882499999999993
-20.31050000000003
-26.64899999999999
-25.6245
-27.691
-22.886000000000028
-19.199999999999992
-20.906000000000002
-37.851500000000016
-27.332500000000003
-18.285999999999998
-17.49150000000001
-18.2425
-31.406
-26.062500000000007
-23.671999999999986
-20.288500000000017
-21.50450000000001
-33.612500000000004
-22.353500000000015
-17.076500000000006
-21.179000000000023
-20.264000000000003
-19.602500000000006
-29.25749999999998
-18.584499999999988
-17.857500000000005
-17.153500000000005
-18.926
-20.067
-23.81550000000001
-22.69600000000001
-22.232000000000003
-27.356499999999993
-17.535
-17.904
-19.334499999999995
-22.867
-19.846499999999992
-18.817000000000007
-16.6845
-16.657500000000006
-20.409500000000005
-23.350500000000004
-25.495500000000007
-37.919000000000004
-23.16599999999999
-20.717000000000006
-15.1165
-18.843999999999983
-22.145499999999995
-19.210000000000004
-18.4155
-24.457000000000015
-20.702000000000005
-26.937499999999993
-28.56750000000001
-19.426499999999997
-18.98450000000001
-39.46549999999998
-29.909000000000006
-17.338500000000003
-24.32050000000001
-19.89799999999999
-20.695000000000014
-29.838500000000007
-32.85699999999999
-16.863499999999995
-20.126500000000014
-17.730999999999998
-26.928000000000004
-25.053
-23.30950000000002
-20.47999999999999
-27.352999999999994
-22.62949999999999
-16.446499999999993
-15.686499999999993
-16.7675
-19.339500000000026
-17.427000000000003
-17.754000000000012
-26.995500000000003
-24.85900000000001
-18.94100000000001
-17.741499999999995
-17.12750000000001
-25.303000000000026
-24.225000000000016
-32.49249999999999
-28.660500000000027
-26.91749999999999
-25.448999999999995
-22.483999999999995
-23.6235
-24.75899999999999
-28.253500000000013
-24.521
-21.96250000000001
-25.61200000000002
-15.8575
-26.559499999999975
-17.201499999999996
-21.369499999999988
-22.706999999999983
-22.012000000000015
-31.822499999999998
-21.772499999999987
-20.749999999999982
-24.775000000000002
-22.8385
-13.386999999999993
-37.63649999999999
-17.6055
-24.297000000000008
-24.648000000000007
-20.25799999999999
-20.68800000000002
-24.7465
-16.07
-15.118500000000008
-17.695500000000013
-33.769000000000005
-37.592999999999975
-28.720999999999986
-21.7145
-29.469499999999986
-31.44299999999999
-23.195499999999978
-18.825000000000017
-30.336499999999987
-30.328500000000012
-28.599
-23.429000000000006
-22.340499999999988
-32.1755
-21.54750000000001
-16.040500000000012
-21.17599999999999
-16.0145
-17.842500000000005
-18.9535
-25.328
-26.354499999999973
-20.62849999999999
-30.895499999999995
-17.958
-19.42049999999999
-32.99949999999999
-32.21050000000001
-23.81900000000002
-30.804500000000004
-26.568
-37.146500000000046
-20.82799999999999
-28.294499999999985
-28.78899999999998
-23.090999999999998
-20.70749999999999
-16.427499999999988
-36.37999999999999
-28.740999999999996
-25.121000000000016
-21.200500000000016
-31.134500000000006
-16.605500000000006
-23.414999999999985
-24.428500000000007
-22.244000000000028
-23.45449999999999
-24.865500000000008
-24.200000000000006
-30.130999999999993
-18.791999999999994
-18.621499999999994
-20.969999999999995
-18.74649999999999
-24.404500000000006
-33.594
-32.775499999999965
-22.62900000000001
-24.894000000000002
-23.912999999999997
-20.482499999999998
-17.352999999999998
-17.6665
-30.514500000000005
-31.57050000000002
-32.62949999999997
-20.329999999999995
-38.48599999999999
-17.32350000000001
-15.242500000000007
-19.222000000000012
-27.186999999999973
-18.956500000000023
-16.87900000000001
-16.04950000000001
-40.21099999999999
-24.355000000000004
-26.306500000000003
-19.497000000000007
-13.548999999999996
-16.000500000000002
-22.053
-28.0535
-25.744499999999984
-22.19099999999999
-32.581999999999994
-27.374999999999986
-27.94799999999999
-29.818000000000012
-24.59300000000001
-20.308500000000002
-20.99650000000002
-18.17750000000001
-19.15
-17.559000000000008
-36.406000000000006
-19.74549999999999
-18.03150000000001
-26.872000000000003
-19.4935
-32.82599999999998
-17.622999999999994
-22.2035
-17.170999999999996
-20.193000000000016
-19.50350000000001
-27.27799999999999
-21.276499999999995
-19.05550000000001
-20.401999999999987
-18.475000000000012
-18.31799999999999
-27.942499999999985
-17.794500000000006
-18.575000000000014
-27.681499999999996
-18.410500000000003
-23.08649999999999
-28.96549999999999
-28.50749999999999
-18.377500000000012
-22.374000000000013
-26.226000000000006
-33.40949999999999
-14.510000000000003
-20.69899999999998
-27.508000000000003
-26.708500000000008
-26.643999999999995
-21.8775
-22.450999999999993
-17.938000000000006
-22.225000000000005
-18.020999999999994
-38.26049999999997
-26.97549999999999
-17.2805
-30.351999999999993
-19.23200000000001
-20.08949999999999
-17.509000000000007
-23.584000000000017
-18.625
-34.78350000000002
-18.699500000000004
-34.4225
-22.3255
-27.636499999999995
-36.09350000000002
-20.341499999999996
-21.70550000000001
-18.462999999999997
-24.134500000000006
-17.466000000000008
-33.843999999999994
-17.75350000000001
-29.232000000000006
-33.8835
-19.56550000000001
-30.242
-42.056000000000004
-20.055500000000016
-23.7175
-31.0405
-21.063500000000012
-26.529000000000014
-29.481499999999986
-22.888999999999992
-17.229
-29.319000000000013
-27.034500000000005
-15.18900000000001
-21.888999999999992
-19.826499999999996
-15.719000000000007
-18.449500000000004
-25.628000000000004
-20.18550000000001
-22.52000000000002
-19.615999999999996
-36.709499999999984
-29.60599999999999
-21.633500000000012
-17.95200000000001
-17.94850000000002
-21.927500000000016
-36.635
-19.22249999999999
-20.951500000000014
-29.603
-31.589000000000006
-16.856499999999997
-20.119000000000003
-32.44850000000001
-31.431500000000003
-24.137000000000008
-25.099000000000004
-25.644500000000008
-39.401
-17.8825
-34.068500000000014
-14.655499999999993
-17.477000000000007
-19.579500000000014
-15.602000000000007
-18.757500000000007
-23.280499999999986
-23.024999999999984
-20.213000000000015
-16.93950000000001
-28.861500000000003
-23.2045
-20.73100000000001
-18.016499999999994
-23.89749999999999
-26.70449999999998
-19.372000000000003
-19.654
-18.386500000000012
-20.742999999999977
-24.025499999999994
-20.215
-26.031000000000017
-17.95800000000001
-14.724500000000003
-19.651500000000006
-27.347500000000025
-17.75200000000001
-16.056000000000004
-28.559500000000003
-18.790499999999994
-33.537499999999994
-21.368500000000008
-20.445999999999984
-26.666999999999998
-39.804000000000016
-40.379
-18.622999999999998
-17.98700000000001
-20.807500000000015
-28.43550000000002
-21.979999999999993
-26.351000000000003
-21.342000000000017
-17.925500000000003
-32.215
-13.217500000000005
-21.861
-24.756999999999998
-19.343
-35.999500000000005
-19.387000000000004
-35.83250000000002
-27.334000000000003
-18.558000000000025
-17.8205
-22.483
-19.957000000000004
-19.46800000000001
-29.368
-17.749999999999993
-18.665000000000006
-20.365
-19.14
-21.198000000000004
-21.720499999999998
-21.271999999999995
-22.623000000000015
-23.817000000000007
-19.239999999999984
-17.463500000000003
-19.493500000000008
-16.192499999999992
-18.816999999999993
-18.3525
-17.948500000000003
-25.321
-27.289999999999992
-33.39800000000001
-26.13450000000001
-29.27349999999999
-23.803999999999988
-23.788499999999996
-18.126999999999995
-34.03550000000002
-37.88850000000002
-19.79550000000001
-18.773000000000007
-19.018000000000008
-24.134500000000013
-36.52050000000002
-31.035500000000003
-16.943500000000004
-24.767500000000013
-27.09650000000002
-16.743500000000004
-27.698000000000015
-16.121000000000002
-18.891999999999996
-26.085499999999996
-17.357999999999997
-25.585999999999984
-28.0635
-19.801499999999997
-15.707500000000003
-18.08
-26.286500000000004
-16.634500000000003
-37.81350000000001
-15.838000000000008
-30.654500000000013
-16.76450000000001
-27.047500000000007
-23.4645
-26.550000000000026
-24.382999999999996
-21.09100000000001
-40.20399999999999
-19.2535
-27.972999999999995
-15.62
-20.921000000000024
-18.363499999999988
-15.218999999999989
-37.646000000000015
-16.12100000000001
-25.78899999999999
-22.220499999999987
-17.208000000000006
-24.832000000000004
-21.437000000000005
-33.25549999999999
-22.06200000000002
-18.521999999999988
-19.0505
-15.314500000000004
-23.278000000000016
-22.938000000000002
-18.33599999999999
-25.9195
-15.285999999999994
-17.956000000000017
-25.32749999999998
-30.934
-25.605999999999984
-26.013999999999996
-19.272499999999997
-16.057999999999993
-27.355000000000015
-20.486
-26.53900000000001
-20.411
-18.324000000000005
-21.62799999999997
-33.945000000000014
-20.0475
-14.452499999999999
-22.875500000000002
-33.54899999999999
-21.12199999999999
-19.303999999999995
-20.354000000000003
-17.046
-17.696499999999997
-27.930499999999995
-18.187499999999993
-32.806000000000026
-17.448000000000004
-24.861500000000028
-25.703999999999986
-19.577000000000005
-17.809500000000003
-20.244500000000013
-16.61250000000001
-23.70500000000002
-27.853499999999993
-22.99
-32.351999999999975
-22.2615
-31.079500000000007
-28.605500000000024
-19.160499999999992
-29.58500000000002
-16.439
-17.291000000000004
-26.89
-30.96899999999999
-19.69849999999999
-19.593500000000013
-19.402500000000003
-18.936000000000007
-17.787999999999993
-20.893999999999988
-27.7935
-14.545000000000007
-24.908500000000018
-15.254500000000009
-23.460500000000014
-18.434500000000003
-25.95300000000001
-17.955499999999997
-24.42200000000001
-18.390000000000004
-18.149500000000014
-21.919999999999995
-28.077499999999993
-16.7735
-24.087000000000003
-21.67650000000001
-18.998500000000003
-21.534499999999998
-25.24749999999999
-17.61000000000001
-16.387000000000004
-18.232000000000006
-14.215499999999993
-31.037499999999987
-21.559499999999986
-25.5275
-29.212
-23.151500000000006
-30.100500000000007
-24.998499999999996
-23.395999999999983
-24.680000000000003
-18.442000000000007
-23.027999999999984
-18.2795
-19.592
-27.163500000000006
-16.509000000000007
-16.38450000000001
-20.481499999999997
-21.014000000000003
-25.587000000000014
-34.37549999999999
-29.29649999999998
-22.763000000000016
-19.163500000000006
-18.702000000000012
-27.58
-26.30300000000002
-29.197499999999987
-17.413499999999996
-20.901000000000007
-16.12099999999999
-19.9535
-29.538
-19.86349999999999
-24.79999999999999
-26.476500000000005
-19.16050000000001
-21.498999999999988
-26.718999999999987
-18.292999999999992
-16.451
-26.0155
-18.267500000000005
-26.4115
-20.513
-19.021000000000004
-28.609500000000004
-31.133499999999994
-19.20450000000001
-21.05900000000001
-22.0005
-33.94700000000001
-14.710499999999993
-26.219
-20.130999999999997
-18.819500000000005
-30.469500000000004
-27.780999999999988
-23.59350000000003
-30.70299999999999
-23.184999999999995
-19.217500000000005
-36.68750000000004
-25.99899999999999
-28.467999999999996
-29.60350000000001
-19.93
-21.286000000000016
-19.889499999999995
-32.700500000000005
-19.92000000000001
-30.724500000000017
-17.575999999999993
-18.008
-29.351499999999998
-16.969
-21.87850000000001
-16.311000000000007
-31.750500000000006
-24.555
-16.229500000000005
-22.95900000000001
-31.641000000000005
-15.222000000000001
-15.046999999999999
-16.657000000000004
-25.153500000000008
-20.8905
-15.3205
-23.533500000000004
-17.346
-21.83750000000001
-19.68650000000001
-17.81
-16.766000000000005
-19.5325
-19.0
-17.757999999999992
-19.497000000000025
-19.852500000000003
-21.89050000000002
-18.432000000000013
-17.6505
-22.532000000000004
-20.088500000000007
-27.44600000000001
-18.29050000000001
-16.5255
-24.83399999999999
-17.91650000000001
-17.746999999999996
-18.80999999999999
-14.281999999999995
-31.163000000000004
-16.7395
-17.18700000000001
-17.69150000000001
-18.0705
-32.75149999999999
-16.818499999999997
-21.609000000000012
-29.5505
-19.202500000000004
-27.409000000000017
-20.984499999999997
-20.1335
-20.3355
-14.988499999999998
-38.084500000000006
-20.44700000000001
-19.867500000000003
-16.10450000000001
-23.751000000000023
-24.433500000000002
-35.086499999999994
-24.710000000000008
-23.768499999999992
-22.518499999999996
-18.000000000000004
-14.522000000000016
-21.923499999999997
-19.457000000000004
-23.118499999999997
-36.064
-17.445499999999996
-17.71200000000002
-18.7085
-18.003000000000004
-21.116
-30.389
-17.31650000000001
-16.861500000000003
-15.308999999999997
-22.129000000000012
-22.327999999999996
-21.275
-16.378999999999998
-27.19100000000001
-30.18950000000003
-17.032500000000002
-28.9465
-22.965000000000003
-13.628000000000007
-18.942500000000013
-36.91599999999998
-19.955999999999996
-24.050500000000007
-19.185000000000006
-18.598999999999993
-20.016500000000004
-18.975500000000007
-15.854999999999999
-15.780000000000001
-19.581499999999995
-25.650000000000006
-27.920999999999992
-19.278500000000026
-25.017999999999986
-16.735500000000002
-17.699499999999993
-17.662
-22.503999999999987
-14.285500000000004
-18.63800000000001
-20.367000000000004
-17.251500000000007
-19.36300000000001
-17.187499999999996
-31.17200000000001
-19.918500000000016
-20.88550000000001
-29.582
-22.945500000000003
-27.375000000000014
-22.891000000000005
-18.232500000000012
-31.863500000000002
-18.897500000000015
-16.9255
-20.713000000000008
-18.275
-18.5985
-17.461500000000004
-25.02550000000002
-18.10150000000002
-25.868499999999997
-18.142999999999994
-17.860000000000003
-29.232999999999983
-29.48850000000001
-16.657000000000004
-25.233499999999992
-14.055500000000002
-16.988500000000002
-15.755499999999994
-15.846500000000002
-19.531000000000006
-22.897000000000023
-30.163999999999984
-21.2465
-24.213499999999996
-29.079000000000008
-23.571499999999993
-22.395999999999994
-19.069000000000006
-17.824000000000012
-20.570499999999992
-18.9765
-27.367500000000007
-23.13050000000001
-16.959499999999995
-19.69900000000001
-20.388000000000005
-15.235000000000019
-15.581000000000012
-17.722500000000004
-35.13449999999997
-19.578500000000002
-27.20950000000003
-26.046000000000028
-24.070499999999996
-24.094499999999993
-20.695500000000024
-19.90799999999999
-18.055499999999995
-13.973000000000017
-15.090999999999994
-26.450500000000023
-25.02399999999999
-17.6535
-13.380999999999998
-24.299999999999986
-21.446000000000012
-33.48899999999998
-17.507000000000023
-16.645000000000007
-33.9795
-22.9235
-17.01550000000002
-16.437499999999993
-23.888000000000005
-23.036999999999992
-17.624500000000012
-25.563
-22.562500000000004
-29.858500000000017
-20.82500000000001
-18.133000000000006
-18.592
-21.462000000000025
-20.235999999999994
-26.09450000000001
-21.218500000000006
-24.584500000000006
-21.667500000000032
-21.436999999999994
-19.527500000000007
-24.683500000000002
-33.355
-17.41
-30.86750000000002
-25.281999999999982
-26.998999999999977
-26.915500000000012
-26.304000000000045
-32.43799999999999
-25.585500000000003
-25.189499999999963
-14.601500000000017
-25.293500000000023
-20.399000000000004
-22.17950000000002
-17.112000000000002
-16.687000000000005
-27.54099999999999
-19.952999999999978
-21.658999999999992
-22.982999999999993
-29.344999999999995
-8.948
-20.19150000000002
-35.80200000000002
-15.169000000000004
-26.00749999999999
-22.20400000000001
-20.6545
-19.134500000000006
-18.209000000000003
-25.794999999999987
-23.917500000000004
-40.919000000000004
-17.81400000000001
-31.604500000000005
-19.2785
-17.0895
-19.900000000000006
-16.218500000000002
-26.867000000000008
-32.359000000000016
-30.85499999999999
-24.86300000000001
-36.518499999999996
-18.266499999999994
-15.632500000000007
-17.0845
-17.223000000000006
-25.180500000000002
-20.89549999999999
-33.60850000000001
-18.456500000000002
-18.7615
-20.458000000000002
-23.381000000000025
-16.03950000000001
-22.417500000000008
-31.22450000000001
-20.65450000000001
-18.605000000000008
-12.854499999999991
-22.13150000000001
-19.410000000000004
-21.989
-23.612999999999992
-17.088499999999993
-23.661500000000004
-28.216000000000005
-24.724999999999984
-38.287500000000016
-17.434500000000007
-27.84999999999999
-30.90850000000001
-26.449500000000018
-33.14750000000001
-27.265500000000017
-19.666500000000013
-29.00749999999999
-19.379999999999992
-17.98850000000001
-18.212000000000018
-26.05549999999999
-16.4955
-21.048500000000004
-15.5815
-29.281499999999998
-26.480999999999998
-22.416
-22.10300000000001
-18.410500000000006
-47.16450000000003
-30.102500000000006
-23.236500000000003
-20.072500000000005
-19.746999999999993
-16.526000000000003
-20.923500000000008
-19.929999999999996
-20.492500000000014
-21.01600000000001
-18.186000000000003
-20.06300000000001
-20.206499999999977
-33.272999999999996
-19.314500000000006
-27.310999999999982
-24.154499999999995
-15.710999999999993
-18.0525
-16.355500000000006
-18.899999999999988
-30.113000000000017
-33.776
-16.384500000000017
-24.730499999999985
-31.345499999999987
-24.877000000000024
-19.705500000000004
-15.484500000000006
-24.07249999999999
-20.869499999999977
-18.809
-17.8445
-31.73250000000001
-17.6
-18.6035
-27.15899999999999
-21.510499999999993
-34.31700000000001
-21.904000000000018
-17.121000000000002
-19.401500000000013
-16.8515
-30.294500000000003
-18.2025
-15.407000000000002
-21.07850000000001
-21.12649999999999
-26.282499999999985
-20.115000000000016
-21.795499999999997
-15.5015
-17.605000000000015
-29.77250000000002
-34.60100000000001
-22.791999999999994
-16.309500000000007
-25.403500000000008
-21.866500000000016
-29.09799999999999
-22.554499999999997
-22.547000000000015
-15.901500000000013
-19.567500000000024
-23.769500000000015
-20.902000000000005
-24.501500000000014
-17.07200000000001
-34.25
-15.264000000000012
-16.525500000000008
-15.833999999999993
-26.824
-24.970499999999994
-19.405
-31.359000000000012
-16.58049999999999
-19.60400000000001
-33.2315
-16.614000000000004
-38.21400000000004
-21.58200000000001
-28.99049999999998
-29.518500000000003
-23.971500000000006
-19.098999999999997
-21.47050000000001
-26.73249999999999
-25.940000000000005
-18.294500000000014
-23.263000000000012
-18.71200000000001
-17.824500000000004
-18.092000000000002
-18.94300000000001
-24.87200000000001
-15.925500000000014
-31.88049999999999
-17.94299999999999
-18.866500000000023
-17.812500000000018
-26.87250000000001
-16.902000000000008
-30.24700000000002
-22.010000000000012
-31.349000000000004
-16.804500000000008
-23.758000000000006
-25.668000000000006
-20.438000000000006
-16.085499999999996
-25.88200000000002
-20.581999999999997
-23.13650000000001
-27.746000000000006
-30.881500000000024
-19.956999999999997
-16.7335
-16.571500000000004
-20.389000000000006
-40.39999999999998
-22.084000000000017
-15.614
-18.789500000000004
-24.957500000000007
-27.30150000000002
-31.22800000000001
-18.815500000000004
-28.52549999999999
-19.0995
-34.07799999999999
-24.698500000000013
-17.434500000000018
-15.494000000000002
-31.67899999999999
-19.864500000000007
-21.675000000000008
-18.91850000000001
-17.245999999999995
-16.3545
-21.3
-20.055999999999994
-24.124000000000013
-23.32049999999998
-19.806
-19.108
-17.968000000000004
-16.442500000000003
-17.707500000000007
-18.466999999999995
-18.023000000000003
-30.679999999999986
-22.285500000000006
-24.077999999999992
-15.855999999999995
-20.89050000000001
-20.402
-22.62399999999999
-20.974500000000006
-27.98149999999998
-17.552999999999997
-25.159000000000006
-19.224000000000004
-21.1215
-17.91700000000001
-16.313500000000012
-17.3445
-15.797499999999994
-20.746000000000013
-17.4555
-23.926000000000002
-27.075000000000006
-30.331999999999983
-19.466500000000003
-26.370499999999975
-23.472499999999982
-22.444999999999993
-22.38300000000001
-22.548999999999992
-17.88500000000002
-38.702
-17.35599999999999
-33.07950000000001
-15.299499999999998
-16.396500000000007
-17.134000000000004
-24.653499999999998
-30.539500000000004
-27.287499999999994
-22.71249999999999
-29.82950000000002
-17.58400000000001
-20.072000000000006
-26.858499999999992
-17.357500000000005
-22.611999999999984
-34.43000000000001
-19.901000000000018
-27.648500000000006
-15.289499999999999
-18.686500000000006
-17.237499999999994
-18.854000000000003
-23.509500000000003
-17.817000000000014
-22.991000000000014
-25.71550000000001
-34.32700000000001
-21.50100000000001
-31.642500000000027
-21.7805
-19.341500000000003
-20.649500000000025
-33.621
-23.313000000000002
-26.830999999999985
-18.22399999999999
-34.215000000000025
-32.22649999999999
-26.384999999999994
-19.516499999999994
-16.77750000000001
-17.237500000000004
-18.26650000000001
-18.744500000000006
-23.560000000000002
-17.04300000000001
-15.443499999999993
-18.589000000000016
-26.507499999999986
-16.016500000000008
-21.561499999999995
-25.485
-35.5105
-23.092999999999993
-23.750500000000013
-28.080500000000004
-18.187500000000007
-17.097
-22.662000000000017
-28.32299999999998
-27.422000000000022
-16.1155
-17.256500000000003
-25.972999999999995
-17.213499999999996
-16.901
-29.73800000000001
-22.72300000000001
-27.075500000000005
-27.568999999999996
-17.583499999999994
-16.719000000000015
-17.609
-24.282500000000002
-15.431000000000003
-18.396500000000007
-16.269000000000002
-30.674499999999988
-18.036499999999997
-16.44850000000001
-20.02550000000002
-35.219
-19.849500000000013
-26.915
-16.44100000000001
-27.242499999999996
-18.67950000000002
-23.1215
-34.31000000000001
-16.132499999999993
-14.698000000000002
-36.865000000000016
-15.651500000000002
-22.218500000000002
-18.55950000000001
-20.917
-14.685500000000006
-28.575499999999984
-24.3555
-17.788500000000006
-17.011999999999993
-17.89350000000001
-18.309500000000018
-16.000500000000013
-15.864500000000003
-22.59099999999999
-24.719999999999995
-20.041500000000003
-19.244500000000006
-17.448000000000004
-26.333500000000008
-26.743499999999997
-17.723500000000005
-32.626
-17.6895
-20.804500000000004
-29.385
-27.756999999999973
-15.211500000000001
-16.423999999999992
-18.369000000000014
-26.81799999999999
-26.293500000000023
-18.733999999999995
-17.738000000000007
-24.370499999999996
-25.588500000000007
-23.533000000000012
-22.807499999999994
-22.833500000000015
-25.316500000000005
-16.805
-23.208500000000008
-16.05450000000001
-17.50249999999999
-24.5445
-37.798500000000004
-15.980499999999989
-22.57300000000003
-19.6405
-18.08350000000001
-21.30100000000001
-16.475500000000007
-19.396499999999996
-23.48000000000001
-17.527000000000015
-21.868000000000002
-18.220999999999986
-35.296
-25.789999999999978
-17.77799999999999
-15.051999999999994
-21.0275
-22.879999999999992
-12.907499999999999
-15.553999999999998
-20.047500000000017
-34.8105
-17.982499999999998
-17.16050000000001
-18.61950000000001
-28.34099999999999
-25.07599999999999
-15.939000000000009
-27.234000000000005
-25.123999999999985
-24.293499999999987
-18.53249999999999
-29.52749999999997
-17.041500000000003
-22.776500000000016
-21.7145
-19.807999999999996
-31.587000000000003
-17.902000000000005
-21.955999999999996
-16.562500000000004
-20.252499999999998
-18.24749999999999
-23.470000000000013
-18.396000000000004
-19.441500000000012
-16.502000000000002
-18.456500000000005
-20.291
-18.31999999999999
-18.34749999999999
-16.956500000000013
-16.58500000000001
-24.622999999999994
-19.013
-27.239
-31.191999999999986
-17.49299999999999
-16.89950000000001
-18.853499999999986
-22.11450000000001
-25.453000000000024
-23.648999999999987
-23.440999999999995
-19.114499999999996
-25.686500000000006
-17.410500000000013
-17.428499999999996
-20.497999999999998
-25.02550000000002
-21.48600000000001
-20.213500000000014
-16.898500000000006
-15.134500000000006
-29.173499999999983
-29.238000000000003
-14.840999999999994
-30.682499999999983
-22.95799999999999
-12.425999999999998
-18.194999999999993
-16.9835
-18.599499999999992
-19.267499999999995
-18.560500000000005
-20.817500000000006
-27.427500000000027
-18.389
-14.939000000000009
-22.93100000000002
-18.512500000000006
-26.904500000000006
-16.66550000000001
-33.37000000000001
-16.7695
-20.606500000000008
-20.090999999999994
-25.770500000000006
-23.151500000000013
-22.81499999999999
-22.17499999999999
-17.380000000000003
-9.015
-17.198000000000004
-31.619000000000007
-25.028500000000022
-22.24800000000002
-30.866999999999994
-17.798000000000016
-32.226500000000016
-26.826500000000003
-24.7045
-23.314999999999994
-32.632
-17.027000000000008
-17.167999999999996
-22.588000000000005
-25.623500000000018
-16.23400000000001
-15.097000000000014
-26.98950000000002
-30.901500000000013
-22.966000000000008
-20.628
-21.592
-19.507999999999996
-19.560499999999998
-16.995000000000005
-17.651000000000003
-25.043999999999997
-16.194999999999997
-23.781500000000015
-17.36450000000001
-27.094000000000005
-22.424000000000007
-24.878000000000007
-15.590000000000002
-33.387999999999984
-18.849000000000018
-18.601
-20.198500000000013
-19.783999999999992
-18.320000000000007
-21.497000000000003
-24.87100000000001
-36.821000000000026
-20.922500000000003
-23.07850000000001
-23.310000000000002
-20.29750000000002
-27.921999999999972
-17.54649999999999
-18.709000000000003
-20.294499999999992
-15.854000000000008
-24.797500000000003
-24.991000000000003
-23.35299999999999
-29.48400000000002
-32.45649999999998
-18.92050000000001
-18.345
-18.24100000000001
-19.42150000000001
-15.975999999999992
-20.525000000000006
-18.409000000000017
-18.9345
-21.428000000000008
-20.511999999999993
-25.5405
-25.182
-21.644500000000008
-19.955499999999997
-14.921500000000002
-17.394500000000004
-18.1305
-33.88849999999999
-17.09200000000001
-19.193500000000014
-20.490000000000002
-20.833500000000022
-17.702000000000012
-14.036000000000003
-32.061
-18.279999999999998
-19.669000000000008
-14.231499999999995
-20.036999999999992
-19.657999999999987
-37.42349999999998
-17.103000000000005
-14.436999999999996
-31.693000000000023
-23.645000000000014
-16.942
-34.415999999999976
-17.342499999999998
-27.710500000000014
-19.112499999999994
-22.98300000000003
-27.951999999999998
-16.171000000000006
-21.88300000000002
-15.383500000000012
-38.84699999999998
-19.994500000000013
-26.80600000000002
-21.441499999999998
-20.196500000000004
-24.733500000000006
-24.82100000000001
-17.053000000000008
-26.44300000000001
-19.80400000000001
-17.786500000000004
-20.63900000000001
-24.061000000000025
-20.19749999999999
-19.325500000000016
-22.93300000000002
-19.635000000000016
-23.272499999999987
-30.448999999999995
-23.541500000000013
-17.213500000000014
-24.097499999999993
-25.182499999999994
-23.06000000000001
-26.007
-22.707000000000008
-16.739000000000004
-25.857999999999976
-28.525499999999987
-23.956000000000017
-19.105000000000004
-15.403500000000003
-18.913499999999992
-20.299500000000005
-15.641999999999996
-18.545999999999996
-24.965000000000007
-25.993499999999994
-35.78700000000001
-21.189000000000007
-16.629500000000014
-29.352000000000007
-24.112000000000016
-27.233999999999988
-20.937499999999996
-25.699999999999985
-18.82150000000002
-23.976500000000012
-39.883000000000024
-17.201500000000006
-22.02950000000001
-30.70300000000001
-11.935500000000005
-20.267500000000016
-23.487500000000004
-21.423500000000008
-18.144000000000005
-31.590499999999977
-17.41900000000002
-21.6995
-23.903500000000005
-15.328500000000004
-16.937500000000007
-20.59799999999999
-29.837999999999983
-27.04000000000002
-21.834
-36.14650000000002
-21.690000000000023
-19.8995
-17.474000000000007
-18.546999999999993
-23.940499999999993
-25.426500000000015
-18.122
-17.111
-21.023500000000034
-16.969000000000005
-27.192999999999987
-16.582000000000015
-29.81050000000001
-15.645000000000003
-22.066
-21.671499999999998
-22.71249999999998
-22.068000000000005
-22.145000000000007
-34.303499999999985
-24.697
-21.70799999999999
-16.540499999999998
-17.0485
-19.27550000000001
-25.446500000000007
-16.167499999999993
-19.737499999999994
-33.21699999999999
-22.822500000000005
-18.949499999999997
-16.058999999999997
-18.298000000000005
-22.000500000000006
-21.023499999999995
-28.505000000000003
-20.927
-21.557000000000002
-31.099999999999987
-20.783500000000004
-16.894
-16.943500000000007
-30.17849999999999
-16.8155
-26.167999999999992
-21.61000000000001
-20.16550000000002
-17.891000000000002
-18.914
-17.8
-29.888499999999983
-18.561000000000003
-21.375000000000004
-20.941500000000012
-25.285
-19.542499999999997
-17.14500000000001
-18.478000000000005
-17.245999999999995
-13.145000000000003
-23.488999999999997
-29.999999999999986
-16.067
-23.766
-21.585499999999993
-28.830500000000004
-18.662500000000012
-22.287499999999998
-26.031499999999987
-20.608999999999998
-21.203
-28.86099999999999
-16.445500000000003
-20.81200000000001
-20.872999999999998
-17.867500000000007
-26.3505
-20.71750000000001
-19.802
-23.928
-20.109499999999997
-16.734500000000004
-17.779000000000007
-29.7235
-21.461000000000034
-31.9975
-18.494500000000002
-20.089000000000002
-15.75700000000001
-28.66000000000001
-21.5735
-17.184500000000007
-16.0615
-20.852
-23.79150000000001
-23.87499999999998
-20.63949999999999
-27.18900000000001
-20.293000000000006
-21.627500000000005
-14.592999999999996
-17.083500000000004
-19.072500000000016
-32.20600000000002
-18.066999999999997
-19.73500000000001
-14.7695
-19.020500000000013
-27.104000000000017
-18.338
-20.074000000000012
-18.337500000000002
-21.968
-19.3735
-24.680000000000017
-17.84449999999999
-30.049499999999995
-31.94199999999998
-30.177499999999988
-22.473000000000006
-26.605500000000003
-25.338
-21.492499999999996
-21.451500000000028
-15.584000000000009
-16.9685
-17.10699999999999
-21.077999999999992
-19.031000000000006
-31.962499999999984
-22.8775
-21.628500000000013
-16.606499999999993
-26.49199999999999
-17.250499999999995
-25.011499999999998
-19.25149999999999
-30.130499999999987
-20.05250000000002
-21.008499999999987
-17.405500000000007
-35.381
-18.82399999999999
-31.367
-34.89850000000001
-17.835000000000004
-24.98949999999997
-43.61599999999999
-22.960500000000007
-34.58599999999999
-25.825999999999983
-17.829499999999996
-20.61150000000001
-35.48899999999999
-16.800000000000008
-22.345000000000002
-23.76850000000001
-25.949500000000004
-19.49000000000001
-17.002000000000002
-15.649499999999998
-36.30549999999999
-20.94200000000001
-20.58849999999999
-18.653000000000006
-15.88500000000001
-18.58300000000002
-26.491499999999995
-16.80700000000001
-23.281
-27.013499999999997
-15.997000000000009
-16.7135
-22.567500000000017
-17.025000000000002
-15.733999999999996
-26.021999999999988
-21.353999999999992
-18.211499999999997
-15.025
-22.251000000000012
-18.88950000000001
-17.78700000000001
-18.11199999999999
-21.941000000000024
-19.821499999999997
-20.503999999999994
-32.46649999999997
-28.820999999999977
-26.824000000000012
-17.430500000000006
-19.075499999999995
-20.686499999999995
-23.12000000000001
-17.329000000000008
-38.82199999999999
-18.089999999999986
-20.18350000000001
-16.085000000000008
-26.09049999999999
-33.07449999999999
-16.843499999999985
-25.428500000000003
-21.351000000000013
-18.13350000000001
-27.1825
-28.562999999999995
-19.64299999999999
-16.049499999999995
-32.24849999999999
-18.42950000000002
-17.466500000000018
-24.814499999999992
-26.729499999999984
-31.063000000000002
-18.027500000000014
-16.207500000000017
-26.109000000000005
-26.012
-27.670499999999986
-16.098000000000006
-21.268000000000004
-17.42050000000002
-24.76499999999999
-21.150500000000015
-15.999000000000004
-18.2715
-22.394
-21.630500000000005
-25.53349999999999
-17.159500000000005
-20.9825
-22.8765
-17.764000000000006
-19.00400000000001
-17.529
-36.04900000000003
-20.408000000000023
-19.198500000000013
-20.794500000000003
-39.30949999999999
-22.46800000000002
-17.587500000000002
-17.71050000000001
-32.8935
-13.809999999999999
-21.420499999999997
-15.762999999999993
-20.239500000000007
-32.32000000000003
-20.551000000000005
-22.978499999999997
-27.41649999999999
-24.947
-20.56450000000002
-17.1225
-16.352000000000004
-23.13550000000001
-15.951
-16.338
-26.332499999999996
-19.6925
-21.931499999999996
-17.26400000000001
-16.121999999999996
-18.471000000000007
-17.066500000000005
-32.099000000000004
-19.7855
-23.572000000000003
-20.834
-26.898499999999984
-19.505499999999994
-16.0485
-17.555999999999997
-24.829000000000008
-31.054499999999994
-25.428500000000017
-25.221000000000025
-15.821000000000003
-15.938500000000008
-14.700500000000007
-22.79200000000003
-10.822500000000002
-16.580500000000008
-18.11900000000001
-15.721999999999998
-22.24950000000001
-22.934
-17.52150000000001
-17.574500000000008
-17.060500000000008
-34.01700000000002
-18.194500000000016
-16.709
-16.755499999999994
-21.605500000000017
-38.239000000000004
-17.4225
-13.996500000000006
-21.903499999999994
-21.273
-23.43650000000001
-16.566500000000005
-18.716000000000008
-15.597000000000005
-26.144500000000004
-18.80300000000001
-18.4845
-29.133
-19.69899999999999
-25.731999999999985
-20.967999999999993
-15.806500000000003
-26.956000000000007
-24.35100000000002
-15.901500000000002
-22.5995
-23.163499999999985
-19.577000000000012
-33.52600000000001
-29.472500000000004
-19.260000000000023
-30.393
-31.62100000000003
-29.5865
-20.128999999999994
-14.844499999999993
-18.315500000000014
-22.307
-21.744500000000013
-17.77450000000001
-15.125500000000013
-15.669500000000008
-17.64700000000001
-17.115000000000002
-17.94700000000001
-22.801
-20.3905
-18.32
-26.506999999999998
-22.685000000000006
-23.8965
-19.312000000000015
-27.029499999999995
-31.61250000000001
-17.676000000000005
-30.37899999999997
-39.288
-17.680999999999994
-26.85649999999999
-15.091000000000003
-37.27000000000003
-21.0255
-15.252500000000007
-26.832000000000022
-20.604499999999998
-33.050500000000014
-24.730500000000013
-18.534500000000005
-23.025000000000013
-18.923499999999994
-17.46350000000001
-17.67000000000001
-19.309999999999988
-18.57
-17.153499999999998
-17.922500000000007
-17.923000000000002
-24.532500000000006
-22.226500000000005
-22.385000000000005
-20.3445
-19.64000000000001
-20.103999999999996
-21.546500000000012
-17.929999999999996
-24.148
-18.18100000000001
-19.699500000000018
-28.168000000000003
-18.481500000000015
-16.640000000000008
-20.049500000000013
-29.063499999999987
-15.759000000000002
-30.993999999999993
-14.2205
-20.136000000000017
-24.106999999999996
-16.2215
-21.40900000000002
-27.625500000000002
