0
13700
12800
14000
10400
12900
13100
11600
12100
11000
14400
13700
14800
13400
14500
13300
6200
13100
14100
13700
13900
13300
14600
3300
13000
13900
12400
12200
13000
12000
13600
13000
14300
13300
11600
15200
13200
12900
13900
13200
13200
12900
13400
14200
13400
13400
14000
15800
13100
16600
13600
14000
13100
14000
13900
11200
12500
13400
14100
13700
15000
13800
12100
11100
14300
14000
14800
6500
13200
14000
13600
11500
13900
12700
4300
13400
14400
14600
5600
6000
12900
10000
13200
13800
15400
13100
14900
13100
13600
12800
13800
14200
13700
14700
14800
13100
13800
11500
14500
15100
14000
13800
11800
12000
14200
14100
12800
14500
14500
12700
14100
14200
13900
12700
13000
13500
14200
13000
16400
12400
10200
14000
13800
14600
13200
9300
14000
15100
14200
13000
14800
13600
8800
13600
15200
12900
12900
15900
13600
14300
13800
12500
13000
13200
12900
5900
13800
13400
13500
13600
13400
14300
13300
13700
14100
13700
13300
14400
14300
14000
13700
6400
13900
13400
13500
12200
13500
13700
14300
12100
13100
14200
12600
14300
14800
14500
14300
13300
13100
15000
14400
3600
14800
12900
14400
10100
15300
5100
13900
14000
13100
14100
13600
3000
13500
13000
12800
12700
13600
10600
14700
13400
9900
14300
9800
13800
13100
15300
13300
13300
12900
13800
13300
13500
13200
9400
11500
12900
14100
13600
12800
12000
12400
13700
13900
15100
13700
12900
13600
13000
14500
13900
13100
13300
13800
13700
13500
11400
13700
12100
13800
13000
14600
12900
13300
13000
14700
12500
13000
14100
13600
13200
8700
14200
13200
13000
13700
14500
13900
13800
15200
13700
14500
14200
13000
14200
13300
13200
14200
14300
14200
14600
13000
12500
12300
13900
14600
14000
14800
13300
13400
14100
13800
13300
8700
13500
13600
13500
12900
13800
13400
13500
15400
13900
14100
15500
15600
13700
12300
15300
13100
15200
13200
13300
14800
12600
16500
13400
13400
12200
14300
15800
12800
14500
14000
13700
13000
14800
13600
13500
14200
14500
14600
13300
14600
13000
13300
11700
9400
13000
16800
14000
13100
14200
12600
14900
14600
8600
13700
12800
8100
13500
13500
13300
13800
14900
12800
11800
15100
13400
13600
12200
12300
14300
15100
15900
14000
14000
16100
13600
14700
9300
12400
15000
13500
10400
14100
15100
14600
15500
12800
12800
4300
13400
13900
13200
8900
15100
12900
13700
13100
13700
13500
12700
14000
14700
13700
15600
13400
13800
13500
13400
13700
13700
14500
12900
13500
13300
13100
13200
15600
13300
14000
13600
15200
14300
7700
13500
12600
13500
14400
13100
13500
13600
14600
13100
14600
12300
12600
15300
9000
14200
13800
16100
8400
13400
14600
12100
13400
14300
13800
13500
13500
13300
14700
2700
13800
14300
15100
13700
14400
13500
16000
14600
15400
14500
13800
14500
14900
14200
14700
13900
13800
16100
13200
14300
13500
14000
14700
15100
13200
5000
13400
13000
13300
14300
14300
14100
13700
14300
13800
13600
7900
14800
12800
14700
13700
14600
13900
15000
14700
14300
15100
15500
13000
15100
13600
8500
9100
14300
15700
14400
15100
14700
14000
14200
14300
8500
13700
8800
14900
3600
5100
13100
14600
14900
14400
13300
13300
14800
15000
5300
13900
14600
12400
14300
16100
14700
14600
14500
14000
15200
14300
5800
7200
13800
11300
13600
14000
8300
12900
14200
11000
14600
10200
15700
13900
13700
12900
18100
13700
7700
13700
14900
14300
12900
13700
13600
13200
4200
11700
14300
12400
14600
15100
15100
13900
13800
14700
9900
15300
3100
13000
13700
14500
8700
13200
14400
9600
14900
15000
14700
11400
14400
14600
12800
14000
14100
14100
12200
12900
13100
13600
15600
14700
14200
14200
3600
12800
12900
13300
14200
14700
7600
15100
6600
13300
14100
11200
14300
14800
14900
13700
13500
12500
15900
14000
14500
14500
14000
14200
15100
15800
14000
14400
13300
14600
13200
15900
13300
14800
15500
15500
16100
14500
10100
6900
13200
14800
15500
13000
13500
13700
14400
15200
13100
14300
15900
14100
12900
13700
13100
13100
14900
13900
13600
12600
13600
13000
13800
14800
13800
15600
14500
15100
14800
13900
15900
13800
14500
14200
13800
13100
15100
14400
15200
14000
15600
9000
13800
13500
3700
15300
8500
15200
2300
14400
12800
13200
13700
10500
5500
12600
15900
13900
5800
14300
14400
13000
13200
14900
14800
14800
14600
13100
14200
12800
13000
14300
13800
14600
14000
13100
15200
14000
14300
13100
13700
6900
13800
12500
14500
13000
14400
13800
14400
14100
5700
14400
14800
13700
14800
14400
13800
11900
13500
14000
5900
13900
14700
16500
13600
14500
10800
13800
13700
15700
16900
12900
1500
15100
14500
13100
15900
16100
14800
13900
13100
14100
13400
14100
13000
14800
12900
12900
16400
13000
14400
13400
16200
15000
13700
15800
14100
15700
15000
14300
14700
12900
14700
13800
15600
13300
16000
16300
5900
15600
12700
14800
14200
13400
15300
14300
13000
14600
7100
13800
15400
14400
4900
14200
16300
15600
12700
15200
15200
14200
13700
14900
10200
14100
14000
15300
14900
15800
4100
12700
13200
15000
12400
13200
14600
10800
14600
13400
14100
13600
14300
5000
15200
13800
15800
13900
7700
15700
6500
13400
10000
4300
14800
14200
14900
13700
14300
13900
15200
14100
14000
14700
13200
14900
13100
8500
14900
14200
14600
14100
15100
10500
8700
16800
14900
14600
8600
16200
13600
13400
13800
13200
13300
15700
13400
13900
13200
9800
13700
13800
14500
13700
14500
14800
16000
14900
7200
13600
13400
12600
14600
14400
15100
13400
15600
13100
13500
14700
15100
14800
14300
14600
13300
14100
4900
13600
12000
4800
13600
15500
14200
14600
14100
13200
13000
12900
13300
16100
12700
15100
13900
15200
14700
8600
13100
14000
7200
10900
16300
14500
13700
12800
14200
13000
13200
15400
3900
15400
13700
14900
13800
14700
14000
13600
12700
11700
15200
14000
14800
1300
15100
14600
14100
14300
13800
12900
15000
6300
13500
13500
10700
13000
4500
14900
13000
13600
9800
13900
11700
5700
14100
15600
13600
13800
13900
14300
13500
14800
13600
14300
14600
15500
14300
7300
15000
15000
15100
14100
13800
12400
14100
13100
14600
14500
15000
13300
13600
14600
13800
13500
13100
13400
13000
13200
13600
9700
14000
13900
14300
14200
13000
14300
13700
13400
14400
14200
15200
13000
12900
13900
15100
14600
13800
14500
14200
15600
14900
13500
14700
14100
15200
15500
13300
14200
13200
16200
13000
12700
14800
14500
13000
14600
13000
14700
13900
13700
13300
14900
13700
15100
13700
14200
14300
14900
5300
13800
14900
15300
14600
13400
18000
15000
15000
13900
8900
15500
13200
3700
15000
14800
14100
13700
13800
14600
4400
12800
14000
8200
13600
15300
14600
13700
13500
8800
14700
15600
13900
10300
16000
14200
13600
14100
13800
13200
13900
14500
10000
16800
14900
13600
15000
13100
14600
14400
14800
14000
15200
14300
14200
13800
15000
14800
13600
14800
14900
14500
14800
14700
15400
14000
15900
3600
13500
15300
13900
14800
10300
13000
14200
9900
13800
14000
13600
14200
5700
13600
9100
14500
14600
13800
12600
12500
15400
8500
13000
14100
13200
14500
13600
12500
13100
8700
14900
14000
14400
14000
13600
14400
13400
14700
15500
15700
12300
11900
14700
14100
16300
14800
13700
14900
14000
13400
13900
13100
14000
15300
15000
14700
13800
13700
12400
15600
6300
14100
14400
13000
14100
13200
13600
17400
13100
14800
14100
12800
15100
13600
14500
11100
17600
11100
14800
14700
15200
13400
13600
14200
13600
14700
10000
14300
13600
15600
14600
13600
12300
13400
14600
15500
13600
14600
10800
16300
12800
13300
13600
14500
14200
13100
11000
13900
14000
13600
14800
14000
13700
13600
13800
12800
14400
13800
14200
15200
10800
11300
14100
13700
13700
14700
13300
13600
14700
13200
9800
13200
12500
14400
13800
13500
14500
14400
9900
13600
14300
15300
14600
14000
13700
14600
14600
13100
13900
15700
12100
15200
13200
14100
13200
12200
13600
13000
13700
13400
13300
13800
13500
14300
13800
14400
8600
13600
13200
13400
15200
14100
14300
13100
14900
13000
15300
14500
13900
14300
14500
14800
13400
13900
13500
12900
12700
14400
16600
15900
13100
14700
12000
16300
15100
13800
13900
13700
13500
14800
15400
8900
14100
13400
13700
14500
13900
14900
13900
14000
13700
13200
13800
9600
14400
14600
14200
10500
15900
15800
13300
15000
15500
14800
14600
13900
13600
13300
15000
13700
13800
14400
14500
14400
17200
12600
14300
13600
15000
15000
14200
13200
13800
17200
13500
14600
15500
13800
13600
13800
14200
13000
14200
14600
15400
15800
15500
14400
14200
13400
14600
14800
16300
13500
14000
15200
13800
14800
15000
13300
7000
14900
13700
13100
16300
15000
13000
15000
13900
14600
14800
15900
14400
14100
14200
13300
13400
12900
13300
10900
14000
14900
13600
13500
14400
8500
14600
13200
13700
14200
12100
13900
9200
14800
10600
14500
12400
13600
14000
13200
13600
14300
15300
13600
14000
13500
7700
13500
15400
14100
13500
14700
15700
13800
15800
15500
14700
12400
14200
14400
14400
12400
14900
16700
9800
16500
13600
10400
13900
13200
14000
9700
14100
14400
8700
6700
10900
14300
11500
14900
14500
13000
8400
13900
13400
13300
14200
13600
6000
13600
15700
13700
6800
11400
13900
13900
14700
12700
14800
12900
15200
15000
14300
12600
12800
14300
14300
14300
15300
13100
14400
13900
13200
14400
13100
13900
13400
12700
15900
14000
13800
13400
14700
12400
14200
14300
15100
13800
14700
13500
14200
16300
13400
15200
14900
15300
12800
14000
15600
16000
14300
13700
14400
14300
15000
15600
13600
15200
14700
16200
13300
13000
15800
14000
15400
16200
14200
15900
14700
15100
8600
14900
14500
14200
9400
5300
16500
13100
1200
14100
13500
13700
15700
13200
12900
14000
14400
15600
4700
13700
16200
14100
14800
15800
15400
14800
14200
13500
14500
15000
14200
15000
15900
13100
14900
16000
12700
13400
14000
17000
13200
13200
13400
11200
13700
14700
14500
13800
12900
16300
12500
14600
14200
14000
15400
14400
16000
15000
14000
14000
14000
14200
12600
14100
15000
15700
15100
14300
10300
15100
14200
16000
14600
14200
13100
14600
12600
14200
14500
14000
14900
13700
13000
13200
13100
14300
14900
14600
13500
14700
12600
14900
13400
13800
15900
16000
15200
10800
13800
13500
13400
13600
14100
12200
14500
14400
14200
12600
15300
13100
14100
14900
13400
13800
15500
7200
14000
14600
15900
13300
14800
14500
12000
14100
15500
14100
3800
15100
13600
13600
13100
13500
13200
14100
14500
12600
8800
13200
14900
16000
14300
13100
14600
11600
13300
14200
13700
14600
14700
15000
13900
12900
13700
15500
15500
10900
13500
14200
13400
14800
13400
14300
13500
12800
14600
14700
14700
14500
15900
14300
13900
13600
15000
13100
13200
14600
16600
14300
13300
14500
13700
12200
13600
13700
13900
15200
14000
14300
16000
15000
13500
14500
13500
15300
14100
5300
15100
14800
12900
14200
14400
14200
14900
14600
13300
14100
15800
14900
15100
15000
13300
14700
13900
13700
13800
14200
14400
14400
14500
14600
14500
14300
13300
13100
14700
14300
14600
14100
14000
15400
1900
14400
13800
14500
14500
13100
14800
17500
14700
14300
15000
16200
15000
14600
13300
15900
13600
13100
14600
14300
13800
13100
15000
14500
13800
17000
4000
15300
13300
14300
7000
13000
13900
14400
15900
14900
14500
14000
13300
15200
13300
13800
13900
12800
13500
12900
13900
13000
13000
14100
15800
13700
14000
14100
5700
17300
14100
9400
14900
13400
14900
13900
13700
14500
14600
1900
14600
12800
13400
14200
14000
14700
12800
13000
13400
15100
14500
12700
14600
14800
14700
14300
14000
12800
13300
14100
13700
14500
14600
15900
12500
13600
13900
15200
13700
13600
13900
13500
14600
14100
16100
14500
12700
15500
14100
14200
14400
11300
12000
13900
14000
14600
15100
13700
15500
13800
13600
15400
16000
7900
15400
16000
15900
13500
13600
15300
12500
15000
6200
16200
14400
17200
14800
14000
13900
14400
15400
14900
14100
13400
13900
14000
14400
14200
14400
13400
14400
14200
14100
14500
14400
14400
9400
14600
13100
13900
13600
11900
14500
7300
14300
13800
13900
15500
14800
8800
15800
14500
16100
16400
15400
14500
12100
14800
14400
16500
13100
14500
13800
14300
14100
14300
15100
12400
13600
15000
13900
15400
13400
14400
14300
13800
14600
7500
13000
14100
15200
12900
7800
16000
13900
15100
14300
12900
13900
14400
13600
1900
15100
14600
10000
3000
13800
14700
13600
14900
13800
14700
14300
14000
10300
15600
14800
13600
15000
14000
12800
14500
14800
12500
17100
14400
13800
14300
10600
12800
3200
13800
13800
13300
14400
12800
14200
13300
13800
14300
15200
13700
13800
15200
13800
13600
13200
14900
15000
8300
15300
14600
14600
14300
15200
14300
14200
13200
14300
14600
14600
15000
13600
9800
13000
15400
15300
13100
14600
14000
15100
14300
13300
16300
13700
14300
14500
13700
14100
14300
15000
13000
12400
13500
14900
14600
14100
14800
14600
14600
14800
13700
13200
14900
15300
13700
15100
13900
15200
14800
14400
15000
13200
13600
14700
13200
15200
13700
14500
14100
14800
14500
14000
14700
17900
13500
14000
14800
15400
13400
13600
14000
13500
11600
13400
15500
13100
15500
14100
13900
14600
14700
15000
14600
13900
13500
15300
13900
14700
13300
15200
16300
15700
15200
13500
15700
13600
14000
14500
14600
15400
13600
13900
14500
14500
13700
15000
15200
14000
16300
13100
14400
15200
14900
14400
13900
13800
12900
13200
15400
13800
13400
16100
15000
14600
12700
15500
14000
14400
14100
13700
13200
14400
10700
13400
15000
14900
15000
14600
16300
14700
14200
13500
12300
12500
14500
16300
10700
14200
13200
13400
15000
14000
9300
14700
13000
14900
14000
13900
12700
12800
14000
16000
13200
13900
6200
14500
14500
14000
13300
15000
14100
13700
14000
14900
12900
14900
13200
12700
12700
12100
12500
14500
14000
13600
14500
13400
14600
13500
12700
13900
14500
15500
13800
14100
15900
13800
14300
14800
3100
14700
13400
14700
14600
13700
13700
16100
13700
15100
14600
13100
13800
14400
14800
14900
14200
14500
14800
16300
15100
14500
15000
13400
12300
14800
13400
15600
13900
15100
14200
14900
16200
14100
13300
15100
13500
13500
15100
14000
14600
13000
12500
14300
9000
15200
15100
13900
13100
12500
13200
10000
14100
12700
14500
14700
15200
14600
14300
14300
6500
13200
13400
15000
15100
14800
14800
14300
15100
12800
13500
12900
13600
13000
15400
13700
13600
13800
9100
12900
15700
15300
13200
13900
15300
12800
14500
13400
7600
14300
14300
5700
13700
12800
13500
13500
15000
13100
12400
13800
13700
10500
13800
14000
14900
14100
13400
14900
6900
13900
14700
13700
14000
14600
9200
15200
13900
15600
13700
13600
14700
11400
14300
13600
12900
15700
13700
12700
15100
14300
12800
14100
14900
13200
13600
10600
2900
13700
12800
14900
14300
13600
13500
13100
14000
15500
13800
14300
15300
16000
13900
14800
14500
13900
14000
13700
15500
11700
13900
8200
12800
14000
15000
15600
14800
13900
14200
13500
15500
12800
16600
14900
13400
13900
12400
13800
13500
14600
13700
8700
14200
10400
9800
15700
15300
14200
15600
5300
11300
15800
14300
15100
15200
12100
13200
12800
15400
13200
15300
15500
14200
13400
14700
16500
15200
14300
16500
13800
8100
16400
13400
9900
14500
13900
14900
13500
13500
12300
13800
14700
16300
13100
14700
14600
15900
14100
16800
14400
13900
13000
13500
13200
15800
14800
14600
14200
14600
13000
15000
13800
13400
12600
15300
15900
10200
13000
14200
14000
14200
14200
14300
10100
14500
15000
14400
15400
16000
12700
3500
14400
14700
15400
14600
13200
12200
12100
13200
14600
12100
13700
13300
7800
16700
14000
14000
5400
13500
12700
13200
14600
15100
13400
14400
13400
14800
14400
13800
12900
14400
13100
13700
14500
15300
14100
14700
14200
14200
14900
15600
13900
14300
13400
13100
14900
13300
15300
13300
14800
14600
14900
15300
16200
12700
14700
14900
5100
3500
14000
14300
13200
13000
15200
11900
13300
14700
14400
14000
13800
15100
12700
14900
14700
15000
13900
16500
14600
12100
14500
13400
16800
15800
14600
15800
15000
13800
13900
14500
14400
12300
12600
16500
9300
14500
15300
14400
13000
13000
13600
14700
15300
13700
14700
14300
13700
14800
15500
13300
15100
14700
14100
9800
13200
15500
13600
14000
15200
15900
14000
14000
14900
15500
13300
14300
13900
15200
14400
13800
14500
14900
13700
8600
16100
14500
14300
15000
13600
14300
15100
14800
14700
14600
13900
16200
13400
12800
15400
14800
14400
14300
15700
14200
11300
14100
14900
15200
13800
16000
13800
14000
13400
13200
14500
16400
9100
13100
14100
13800
11300
13600
17300
15400
13500
13800
14500
14200
14900
7900
14800
14200
14500
14800
12600
13900
14900
15200
14300
13500
11400
15300
12600
15700
15200
8600
14900
8500
14400
13000
14700
5000
12100
15600
12300
13300
13700
14300
14500
15900
13500
10500
14500
13200
15000
15700
14900
13600
15600
13800
14500
14000
16200
14600
12600
16700
7200
15100
15100
13600
14100
13800
15100
14400
13300
13500
12400
13500
5200
13100
14600
10700
14100
15800
14100
15100
12800
14100
14100
14700
13200
14500
12800
14200
15100
16800
15100
13000
14300
15600
15000
14400
12800
14200
14200
13100
17100
14800
16000
15300
14900
14800
16800
13500
14000
13900
13600
14000
14400
13900
16500
16900
14000
14900
13800
15400
12600
14100
13800
11100
14800
12600
17300
15500
13800
15100
14800
14800
13100
15500
13900
13000
14900
14600
13400
14700
12800
15800
12900
14800
14100
14900
14200
13500
14700
15100
12800
15100
15500
15500
15300
15200
14000
16300
15800
14800
15200
13800
15800
14300
13700
14000
3600
15200
13800
13500
15400
12800
14300
14400
14100
13900
14800
14100
15000
13500
14600
14100
9700
14000
13500
14900
5600
15100
14300
13400
13900
14600
11000
13900
13700
14400
13300
13300
14000
14700
14800
16000
14300
13500
14900
13800
13200
13500
13300
13700
13300
6100
14400
15300
14100
13900
14400
14600
14600
15600
13700
13300
12800
14700
15900
13200
14900
14700
14600
13500
16100
13200
14200
14500
13900
14300
14500
13700
14700
14400
12800
13700
14200
13200
15200
14400
14400
14300
13800
15600
14200
14400
13100
13300
2100
14900
15100
12800
13600
15700
16800
14400
14300
15200
13800
15000
13300
15400
15100
14300
14100
13600
14700
15000
12500
14700
15400
13200
15200
4400
13500
13500
14600
14000
14700
13600
15600
14500
12900
11800
13400
13100
13300
13800
15100
14000
14100
15600
14200
15600
13600
14300
12700
2600
12400
13000
15500
14800
15000
14700
12500
14700
13500
14900
14500
15600
13700
14000
14300
13900
13500
14300
15900
15700
14800
15500
6200
13800
13700
14300
14300
13300
15600
15800
13800
14900
13300
14300
12000
8200
14200
15000
15400
13400
13300
12900
13800
13700
15300
12700
14700
13700
14800
12800
13600
15100
10900
10400
14000
14700
13400
14200
13200
14300
15300
13200
14400
14900
14400
14900
14200
14200
14500
14600
15100
14800
13700
13800
14200
14300
15700
14100
14000
13900
13600
14400
15200
14800
13900
14700
14100
15400
14000
13500
13200
13900
15900
13300
13700
14400
16600
14600
14300
15700
5600
9800
13900
15200
14700
14300
14500
14500
14200
14000
14400
14800
8500
14500
14200
13800
15300
14700
4300
17300
13900
15800
14300
13700
13800
12900
14400
13400
13600
15100
14200
14800
15300
14100
14200
14800
9700
7400
12900
13600
16800
14200
13800
13500
13000
14500
13600
13400
12100
9800
15000
16500
15300
14400
11600
13900
14000
15100
7500
14300
14700
14000
15400
14700
13800
14900
13200
14300
14200
14500
14500
15000
14800
14600
14200
13600
14200
6900
15200
14300
14800
14000
11700
13000
15400
12800
15800
15900
12000
15000
13600
13400
14300
15100
15400
15100
12100
15600
14100
14200
13700
14500
13400
14600
12900
12700
15200
13600
13400
14100
14800
13300
14600
13600
13200
14800
14800
13700
6700
14400
13600
13900
14400
15100
14500
13900
13500
13500
14600
14300
15700
15500
15300
14800
14100
13500
13400
14200
15600
14900
15800
13600
13600
16100
15700
14000
14100
12800
13000
15700
14700
13400
15400
15800
14300
15500
17300
14800
14100
14700
14300
15100
15100
13900
15600
14200
7200
12600
14900
15300
12400
12900
14000
15300
14000
14900
13800
14400
13900
14100
14100
13600
14600
16100
15000
13200
13800
7900
13400
15300
16400
14700
14400
14800
14700
15200
14400
13900
15000
13000
14500
12100
13100
15000
14500
14300
15600
14400
15400
14200
15400
14300
15100
14100
13900
13600
14900
14100
14900
15000
15000
15800
16000
15000
13700
14600
13700
7500
15100
13500
17400
14400
14800
14100
13100
13000
15300
12700
13200
14500
13300
15900
13400
15000
14300
15200
14800
9500
14700
15500
15700
14000
14400
14800
13900
14900
12800
14200
14900
11000
14300
5800
13300
14800
13100
14600
14600
13900
15500
14300
14100
12200
14800
13700
16600
15500
15400
13100
15100
13500
13800
14000
13500
14400
14800
12900
14400
14400
14900
14000
14700
13600
14500
15300
15100
13500
15600
12300
15800
13400
14300
13200
14300
4600
14200
15000
15900
14500
14200
13700
13700
14500
15100
12700
15400
14700
14800
13000
13300
14100
14200
13500
13400
13700
13500
15500
15200
14700
13700
15200
15700
13000
15200
14800
15300
14400
16100
14300
13700
14500
14000
13700
15500
16000
13900
13200
15900
10900
15200
14500
8900
15100
14000
14700
16300
14900
14500
14500
14600
13400
13300
14200
15800
15200
3900
12900
14400
14500
6400
14500
15300
14500
13700
14400
14200
15600
14800
15400
9800
4100
15200
13300
15700
14200
13600
13900
13200
1000
15100
15100
14500
14300
16400
14500
14000
15600
12800
14400
14000
13200
14100
14800
14600
14700
14200
14500
15500
12500
15300
14500
7700
15100
14200
16600
13500
3000
14000
15100
12800
14500
12800
14000
14800
14400
14500
13900
14000
14600
15100
14200
13500
13400
14100
13200
14800
14300
14300
15000
15600
13300
14900
14400
15400
14400
14900
14900
13900
14000
14500
14900
15300
14700
14800
8800
13800
14600
15100
14300
15000
14200
16200
14400
12200
13800
15000
15000
13700
15100
14400
16200
15400
13600
14300
15200
14600
13400
14200
13300
13400
14600
14100
13000
15200
12900
14200
14000
15100
13700
14400
14200
13000
15500
13800
13600
15000
14400
14400
14900
14200
16400
15100
14500
14600
14400
15000
14200
15200
14600
13500
14400
14600
13900
11100
14900
14300
14900
15200
16800
14900
14700
14500
15000
14300
13900
15500
13300
14200
13500
14400
13600
16700
14600
11400
13400
13900
14800
14800
14100
14300
14300
14400
16400
4100
14800
16300
13700
14200
13900
14100
14700
14600
14200
12800
14100
13400
14600
14700
14000
14900
14100
14900
13900
15600
12900
14900
13400
14400
13800
13800
14100
14500
14400
7700
14600
13200
14400
15800
10900
14600
9800
15700
15200
15500
14000
13700
14500
13300
8300
13500
13900
15400
14100
14200
14900
13700
14400
12000
14400
14700
14900
11600
14200
13800
13200
14200
13700
13900
14200
13700
14100
13400
16200
13600
14600
14700
17200
15200
4500
14600
14600
14900
5000
14900
15800
7800
14300
10000
13400
13900
14200
12900
14500
14200
14800
14800
15300
14600
10300
13300
14400
14300
13000
14500
13600
15400
14900
13700
16000
13200
13200
14200
14500
15400
14900
13200
14300
13800
14000
13800
14000
15400
12600
14900
12800
4300
14300
12500
14300
14200
15400
14300
13700
14800
14400
14100
13900
14700
13800
13800
14700
15300
17000
15200
13800
14100
13800
14300
13000
14000
9700
14600
13900
14700
14000
13300
14000
15400
15200
13300
15900
14300
14000
15300
13900
13600
13800
15000
13000
14900
14300
15600
13400
16100
14400
14600
14000
14400
16700
14700
15800
13100
16100
14000
16400
13900
13600
14300
12600
15300
13500
14500
15700
15500
13500
15200
14000
14500
15200
13900
14000
14000
14200
14300
13200
12700
14200
12400
11000
15100
15200
14900
13900
14500
16600
13900
14100
14100
13700
13500
14000
14600
13500
15700
14400
14300
14900
15200
13000
13600
14800
16300
16300
14600
12200
13900
14100
14200
13900
14000
13300
14800
13500
13200
13900
15400
14700
14900
13500
14500
14000
14200
14900
14400
13300
13700
14100
14100
13100
14000
14700
14700
14600
14900
10600
15100
14100
13500
14000
15300
15000
15600
14700
15900
14100
13500
14600
14300
13500
13900
14000
16000
15500
14200
4100
16200
15500
13900
15400
14600
14700
13700
14400
14100
14700
17400
14300
14000
14100
14800
13600
16100
2000
13300
14400
13600
14300
13300
14300
15700
12700
13300
12200
14100
14200
14600
14700
15200
15500
16100
14900
15100
15200
17000
14200
13200
13000
13600
15200
15400
8900
14000
14600
14900
14800
17200
13500
15200
14800
14000
12900
14500
14700
14400
15700
15100
14800
14200
15800
15200
14100
14200
14800
15100
6700
16900
14800
14300
14600
11500
14700
14300
14000
15100
14600
13200
14400
15300
13100
14500
13700
14500
13800
13400
15000
13500
14200
12200
14000
15300
13900
13800
14000
15800
14200
13200
13100
15000
13400
9100
13400
14900
13600
14000
13400
14200
13700
13600
13700
12700
13200
14900
13900
13100
15100
15000
15300
15000
15300
14200
14200
14900
