0
-16.813500000000012
-23.329499999999985
-17.174999999999994
-26.148500000000006
-17.679999999999993
-14.044
-18.178000000000008
-22.070499999999996
-19.523
-29.02
-18.58750000000002
-12.326000000000004
-29.500999999999998
-20.060000000000006
-17.291499999999996
-24.66099999999998
-27.085000000000008
-20.45449999999999
-15.05250000000001
-26.158500000000004
-15.552500000000002
-22.573499999999996
-33.31999999999999
-19.98450000000001
-17.74349999999999
-17.901500000000013
-20.110500000000005
-36.044500000000006
-24.655500000000014
-19.952500000000004
-19.828
-17.338500000000003
-18.3445
-17.394
-18.868500000000008
-19.1735
-24.090000000000018
-34.32249999999999
-19.98300000000001
-33.0695
-12.105000000000002
-18.21850000000001
-20.424000000000007
-22.546499999999998
-20.03300000000001
-17.514000000000003
-25.921499999999998
-20.168500000000005
-15.889499999999998
-17.924
-18.686000000000007
-18.11900000000001
-34.182999999999986
-18.4025
-14.497499999999993
-16.32950000000001
-21.556999999999988
-17.00000000000001
-32.58300000000003
-17.720999999999993
-8.522
-19.7025
-22.375000000000014
-28.448499999999985
-16.05250000000001
-25.0345
-22.565000000000005
-25.61899999999999
-35.60100000000003
-15.928000000000003
-15.511999999999992
-17.067499999999995
-25.872000000000003
-18.7955
-19.96050000000001
-28.874500000000012
-21.019500000000008
-15.689000000000004
-21.72450000000001
-20.431499999999986
-21.46700000000001
-21.036500000000007
-18.606
-18.371000000000002
-15.8465
-21.34650000000001
-12.086500000000004
-18.252999999999997
-17.97800000000001
-23.91250000000001
-18.724999999999998
-15.806999999999999
-6.509
-29.87149999999999
-14.817000000000004
-21.47050000000001
-19.186500000000002
-41.80050000000003
-18.11200000000002
-15.471000000000013
-19.509500000000013
-26.43950000000001
-27.452499999999997
-16.329
