0
16600
15400
15200
15800
17500
15300
16300
13400
17200
15400
14400
14000
14600
14900
16500
16800
16600
17700
14600
8600
18300
17900
14400
14800
15800
15600
17700
14700
16100
7300
13100
14900
6800
17700
16200
15300
15100
14600
15900
13800
2700
15300
14500
14500
14300
4600
14000
14700
14700
15800
16500
16500
11300
16800
15300
16900
15400
14700
15600
14800
2000
15300
17800
14900
14800
15500
17500
15500
16100
17400
16300
14800
15800
17500
16900
11500
14300
13700
14900
14500
4900
15300
16200
13900
4200
15400
17100
14900
4300
15900
16700
16400
-400
14900
15100
8400
14700
17100
16200
16100
15000
15000
14900
15100
