0
-0.7613299999999998
-6.683840000000001
-1.8572499999999996
-12.040580000000004
-7.191840000000001
-0.2787900000000001
-1.6910499999999995
0.1205200000000004
-8.694467166666666
-1.5741699999999992
-2.6916400000000005
0.6310000000000018
-1.1794900000000001
-0.7648900000000004
-0.9390049999999999
-0.2549999999999999
-2.1963149999999994
-1.3048200000000005
-1.4954000000000007
-6.83877
0.12751
-1.3474
-2.8087949999999995
-0.06438999999999928
-0.8728399999999985
-0.5831299999999998
-0.8330300000000004
-3.5067900000000023
-1.6986799999999995
-4.274849999999999
-0.808
-2.1512900000000004
-0.8045400000000006
0.9015900000000008
-1.2274200000000006
-1.646409999999999
-0.8796900000000002
-1.5922500000000004
-4.198869999999999
-5.522796666666667
-0.1459499999999999
-1.23504
-4.15315
0.26493000000000166
-0.34640000000000004
-1.4152700000000003
-1.9049099999999997
-4.4689000000000005
-1.1405800000000001
-1.6344700000000008
-1.8514049999999997
0.0009000000000010111
-3.97186
-2.8855899999999988
-7.273130000000001
-1.09476
-3.3056600000000005
-0.4963499999999994
-0.6958499999999996
-1.7066
-0.3745099999999989
-0.6620100000000005
0.6136400000000015
-1.1714100000000005
0.27217000000000136
-6.425756666666667
0.9721800000000018
-5.7912550000000005
-0.38612900000000006
-6.147810000000001
-1.6225299999999998
-5.510639999999999
0.537550000000002
-1.18894
-5.335014999999999
1.0620900000000004
-1.56914
-5.433476666666673
1.1366900000000033
-7.665590000000001
-0.09847999999999946
-0.8845200000000002
-1.2955100000000002
-0.12176999999999849
0.18508999999999998
-1.5940200000000004
-1.5893600000000003
-8.933489999999999
-1.5631099999999996
-1.6081399999999997
-7.714649999999999
0.5790499999999983
0.3304100000000003
1.6542833333333342
-1.8134100000000004
-1.3453000000000008
-0.8709850000000003
2.2379699999999993
-0.25957999999999803
-2.3291700000000004
-6.083941666666667
-3.3698600000000005
-11.878475000000002
-2.3213599999999985
-1.54013
-0.7655599999999987
-2.016822499999999
-0.9966100000000001
-0.10752999999999935
1.070396666666669
-5.23861
0.11844000000000188
-4.192773333333333
-1.20712
-1.3479700000000001
-0.5525700000000002
-0.9552400000000005
1.5906900000000004
-1.7396699999999996
-1.9367399999999977
-2.39215
-2.0586400000000014
-0.5638699999999994
2.1421599999999996
0.223630000000002
-1.6440199999999996
-1.3856149999999998
0.36286999999999936
-2.6357299999999997
-1.40352
-4.73798
0.6212199999999988
0.31590000000000007
-2.4315999999999995
-0.0010699999999992382
-2.0138500000000006
-1.02413
-7.407403333333332
-0.4496499999999999
-5.405029999999996
-0.8836299999999998
-1.0909400000000002
0.9385900000000018
1.0863699999999996
-6.663863333333332
0.07679999999999998
-0.98286
-3.0419899999999993
-0.1211099999999995
-4.08239
-2.27574
-1.3158300000000003
-1.6735699999999984
-0.8941399999999996
0.8204300000000015
-0.31115999999999944
-6.781680000000001
-1.5375800000000006
0.41718000000000055
0.030280000000000307
0.02515999999999985
-0.26301999999999814
0.7347800000000009
-1.91826
-4.5068699999999975
-0.8581699999999988
-1.5675950000000003
-1.83583
1.0742799999999986
-2.5287699999999997
0.9439400000000009
-9.563760000000002
-1.6311500000000003
-1.944670000000002
-6.1370100000000045
-6.317128
-1.16405
-7.1147100000000005
-0.28964999999999885
-2.017719999999999
1.5895300000000008
-0.3315299999999983
-3.9890600000000003
-1.1602999999999999
-0.2712700000000001
-2.155570000000001
0.15811499999999912
-1.6967499999999998
-1.6819000000000008
-4.07957
-0.34936
-4.886619999999999
-6.39407
-1.4363800000000004
-1.9264800000000006
0.6131200000000014
-1.5694
-0.3055300000000003
-1.2004499999999994
-1.6970399999999992
-6.265000000000001
-20.48910166666666
-1.7932600000000005
0.10820000000000118
-1.09936
-7.252499999999999
-1.15972
-4.5184
2.0974800000000005
-2.5217299999999994
-1.6892300000000002
-1.8145100000000003
-1.48656
-6.263986000000001
0.5671899999999994
0.06241000000000074
-1.3146
-3.2086849999999996
-0.08464999999999889
-0.40811000000000064
-5.476495
-1.418609
-0.4346899999999998
-1.5926599999999993
-1.4359300000000002
-4.23401
-1.9358
-1.7179599999999995
-2.327
-1.0178299999999993
-4.176019999999999
-1.84086
0.286890000000001
-6.879539999999999
-0.32726999999999895
-1.018125
-2.6914599999999993
-6.903370000000001
-3.465698333333336
0.7917300000000003
-0.20782
-1.44316
-0.19011999999999918
-0.44129999999999947
-0.2872399999999997
-2.3990100000000005
-2.7655150000000006
-4.959398333333333
-1.4040500000000002
0.45878999999999936
-1.3368300000000006
-1.4044499999999998
-2.2154600000000007
-7.461236666666669
-1.4454699999999998
0.26085000000000136
-3.0566950000000004
1.1877500000000012
-1.34197
-4.8728
-1.7243599999999994
-0.6215500000000006
1.9397000000000002
-0.277979999999999
-0.9147566666666662
0.962489999999999
-3.5312800000000015
-1.6243099999999997
-6.2533
-1.1377699999999997
-0.8191899999999993
-0.010330000000001949
0.7701400000000003
-5.737805000000001
-21.13502999999999
-2.371019999999998
-1.4347999999999996
-1.8164399999999992
-0.5818299999999998
-6.793464999999999
-5.292610000000001
-0.29825999999999864
-2.6873399999999976
-2.2607000000000013
-3.0325099999999994
-0.6909800000000003
-0.6905400000000008
-1.6426399999999992
0.054640000000000466
0.9423500000000007
-0.9026899999999995
0.008190000000001918
-3.7446300000000012
-4.919465000000001
0.6750100000000003
-3.07646
0.9467200000000011
-1.07239
1.534080000000002
-1.1511800000000003
-10.475560000000005
-1.1281400000000001
-4.07036
-1.15287
-2.0698099999999986
0.8959200000000005
0.9003400000000021
-0.49714999999999887
0.4910400000000006
-6.110380000000001
-13.019596666666661
-0.06697000000000197
-0.9159500000000005
-3.774549999999999
-4.7727699999999995
-1.78757
-0.5294500000000001
-1.602369999999999
-1.599199999999999
1.79033
-9.808060000000001
-0.9133399999999994
-0.10071000000000019
-1.6528699999999998
-1.3691000000000004
-7.800290000000003
-0.86032
-6.5464699999999985
-1.39587
-0.33665999999999996
-7.012255000000001
-1.5592100000000002
0.40847000000000233
-1.6895400000000005
-4.457939999999997
-1.1926999999999999
0.48194999999999966
-0.9390100000000001
-0.6629499999999995
-0.9118800000000002
-7.916990000000005
-1.8655499999999998
0.03090999999999955
0.1409600000000042
-0.05685999999999869
-1.3028
-0.12900999999999985
-4.998878333333334
-6.576181666666667
-0.5942900000000002
-0.31560999999999995
-1.4621799999999998
-1.43087
-1.22698
-5.0403
-1.3271500000000003
-1.6648100000000006
-1.1305100000000001
0.2234400000000003
-4.580960000000001
-1.04264
-0.6774000000000002
0.8105500000000008
-0.11768
2.342330000000002
-0.6836499999999995
-5.57692
-0.15724999999999978
-2.2990400000000006
-1.5558449999999995
-0.2912410000000002
-1.27218
-1.5263699999999998
-1.7371599999999998
-2.657420000000001
-4.375964999999998
-1.6869299999999994
-5.340189999999998
-1.9960799999999992
-0.8510699999999994
-1.4444700000000004
-0.6442999999999995
-0.37541999999999953
-1.2025000000000003
-2.05511
-0.6730700000000001
-1.9535199999999997
0.4049800000000021
-1.826999999999999
-0.8731300000000002
-0.5669199999999992
-0.37681999999999916
0.8777700000000008
-4.41932
1.1483200000000005
-5.08316
-3.597111999999999
0.48327000000000164
-1.0215599999999996
-0.2518499999999997
-1.9898500000000001
-0.48008999999999913
-9.46282
-1.38481
-1.2232800000000001
-1.3598700000000004
1.316480000000003
1.6340299999999996
0.13822500000000137
-8.933899999999998
-1.0872499999999998
-3.6975100000000007
-0.31411999999999884
-8.2801525
-2.934515
-0.5730000000000008
-7.745654999999999
-2.4147749999999997
-0.08884999999999921
0.10593000000000008
-0.3749699999999996
-1.5375000000000005
-1.2613699999999999
-0.9732000000000008
-1.8412499999999996
-0.3108199999999999
-1.4608799999999997
-0.13869999999999882
2.296120000000003
0.142540000000001
0.1562500000000009
-2.0456899999999996
-2.441335
0.09861000000000031
-1.3034600000000003
-1.5165400000000004
-3.2792499999999984
-0.7965400000000001
-0.5267700000000003
-3.8743816666666673
0.6634899999999997
-0.14613000000000032
-0.45966999999999936
-1.6092999999999997
-1.27909
-0.2813399999999999
-0.4905700000000002
-1.09886
-5.0931199999999945
-4.029300000000001
-2.6937100000000003
-1.27296
1.0310500000000022
-1.2358300000000002
-0.5541949999999999
-9.910986666666666
-1.4562000000000004
-0.7912799999999998
1.9968200000000045
-1.08228
-2.3942200000000002
-0.7490500000000012
-4.88677
-1.5122900000000001
0.23342000000000063
-0.7317100000000005
-2.268629999999999
-3.864209999999998
0.9381599999999999
1.3248999999999977
-3.0437700000000003
-1.9984499999999992
-1.3562600000000002
-2.76678
-0.8631800000000002
-2.2316700000000003
-0.591110000000001
0.21861999999999981
-3.431129999999999
-0.34875999999999974
-3.7692600000000005
-1.7781400000000005
-3.994629999999998
-0.23642000000000007
-0.61662
-1.51906
0.7978299999999974
1.152600000000001
-1.75126
0.626570000000001
-0.4523899999999996
-0.6582500000000006
-0.5875100000000004
1.3573499999999994
-0.5618599999999996
-9.890670000000002
-1.4472000000000003
-2.6722200000000007
-1.1443100000000002
-1.22941
-1.2214699999999998
-0.2097800000000004
2.010359999999999
-0.4488899999999998
1.3192899999999987
-1.1641000000000004
-2.264500000000001
-0.7728600000000013
-1.6246300000000002
-1.1798199999999999
-2.8492600000000006
-1.3445200000000004
-0.3335199999999985
-1.45958
-1.30588
-1.32294
-3.02129
0.06093000000000082
-0.72208
-1.807640000000001
-0.10264999999999946
-0.7716199999999992
-12.735110000000002
-4.643319999999999
-6.043454999999999
-0.32276000000000005
-0.3460099999999995
-0.3918600000000003
-6.804290000000001
-6.655639999999999
1.6753400000000025
1.0015049999999999
-1.06533
-2.5374966666666667
1.445090000000003
-1.4335500000000003
-0.4478999999999992
-0.3805299999999996
0.9309000000000018
-0.03132999999999986
0.10489000000000104
-1.1946099999999997
-9.093795000000002
-1.2540099999999992
-1.1500300000000003
-3.0171299999999994
-2.1433100000000005
-6.529888333333335
-0.47080500000000003
-2.6875316666666658
-1.0292199999999987
-0.12175999999999831
-0.7578900000000006
-1.2170050000000001
-1.1471300000000002
-1.1084599999999996
-1.4632599999999993
-1.4780800000000007
-8.79243
-1.21907
0.7666500000000025
-11.39021333333333
-6.731965
0.06904000000000043
-3.8195099999999997
-1.3963299999999998
-1.0929400000000002
-0.5982399999999987
-4.909979000000003
0.9486500000000013
-4.009203333333334
-8.168550000000002
-5.331475000000001
-1.4607800000000006
-1.2242300000000002
-5.0268749999999995
-1.9554400000000003
-2.142195
-4.3566
-7.479618333333332
-1.5266999999999997
-0.8341900000000002
-0.7053200000000002
-4.6626433333333335
-5.955550000000001
0.04830000000000134
-2.0149899999999987
-1.6446499999999995
-2.3746399999999985
-2.5750900000000003
-2.8688199999999995
0.5410599999999992
-3.8975
-3.2848900000000003
-1.5274899999999998
-1.0006599999999999
-8.701360000000003
-8.193360000000002
-4.339249999999997
-0.08294000000000012
-2.363509999999999
-1.5772999999999997
-1.4956200000000004
-1.4390800000000004
-4.075240000000001
-1.6097100000000002
-1.23356
0.5261599999999991
-2.322919999999999
-0.2736199999999991
-4.72011
1.4580200000000012
-7.115458333333333
-2.49552
2.1417999999999995
-2.4354200000000006
-1.1655300000000002
-1.7975600000000003
-0.49503999999999926
-1.18765
-1.1306099999999994
-1.38945
-1.5708100000000011
-0.8962400000000001
-6.621149999999999
-0.6172199999999988
-1.1151999999999997
-2.145073333333333
-1.2120000000000002
0.9173099999999994
0.9019400000000002
-0.6553399999999994
-6.422329999999999
-0.15283999999999964
-0.5226299999999993
-2.0078299999999984
-3.6745399999999995
-5.186726666666667
-0.6869699999999991
-1.3711200000000001
-0.5796299999999986
-1.7790000000000004
-1.3316000000000003
-0.819209999999999
-0.1152799999999986
0.04812000000000127
2.2670600000000007
-0.5752100000000002
-1.7454299999999998
-2.596
0.8945299999999978
-1.37599
-1.20275
-0.3724499999999997
-1.7909799999999994
-0.41939999999999966
-0.33960999999999963
-0.04911000000000021
-7.835473333333332
-1.5747
-6.5470525
-5.08779
-1.58474
-1.27664
-1.8780700000000006
0.83342
-1.3965700000000005
-2.4887849999999996
-0.22026999999999997
-6.682654999999999
-1.09267
-1.8765499999999986
1.3087060000000008
-10.360038333333332
-3.442494999999999
-1.2489900000000003
-1.0003700000000004
-1.1617400000000002
-4.837760000000001
-0.29708999999999974
-4.976358333333334
-1.92585
-5.2160899999999994
-1.1699400000000002
-1.0375900000000002
0.1461600000000005
-2.6171566666666664
-1.2034000000000002
-8.692160000000001
-2.16322
-3.99952
-1.73728
-7.354896666666668
-0.45428
-1.7242100000000002
0.053575000000000816
-0.7214400000000001
-1.36422
-5.7441949999999995
-4.4003499999999995
-0.9549100000000008
-2.2457200000000004
-3.069
-1.297289999999999
-8.99222
-1.5803099999999999
-7.676704999999999
-2.95707
-0.3739399999999996
-1.3181399999999999
-3.5294700000000017
-13.620424999999992
-4.234920000000001
-5.171823333333334
-4.921877499999999
-11.365390000000001
-1.3020500000000004
0.003900000000001569
-1.4319700000000004
-1.22181
-1.0583500000000003
-1.3864600000000005
-2.2196099999999985
-1.8235699999999988
-1.4612100000000001
-7.4427
-1.2720099999999999
-0.15883999999999898
-1.5172000000000003
-12.766855000000001
-1.9372999999999996
-0.8627200000000002
-0.21711999999999976
-1.37164
-10.11882
-1.978439999999999
-5.247305
-1.1693800000000003
-2.0238699999999983
-6.310799999999999
-5.837630000000002
0.9256000000000024
-7.703470000000001
-0.9050400000000002
-2.9037800000000002
-9.842903333333332
-0.04209000000000007
-1.3649400000000005
-0.09688000000000074
-3.6772
-1.5851099999999998
-1.1497700000000002
-0.71639
-0.5483499999999991
0.40749999999999975
0.5083800000000023
-0.5260699999999997
-1.8880100000000004
-0.2370599999999995
-1.5841100000000001
-0.4522499999999998
-5.1876
-6.168463
-1.4909499999999998
0.9097200000000014
1.1267000000000018
1.613420000000004
-2.2887100000000005
-1.1986700000000001
-2.3413000000000004
-1.2271400000000001
-1.5492300000000006
-0.13196999999999903
-2.097929999999999
-0.9997400000000001
-1.9279699999999997
-5.090880000000002
-1.6394199999999977
-0.8389400000000001
-3.0555499999999998
-0.16951000000000016
-4.392279999999999
-0.03748000000000051
-4.092079999999999
-4.64323
1.8421499999999988
-1.8455399999999997
-1.484479999999999
-0.7470800000000002
-1.1276
-0.834629999999998
-1.1087099999999999
0.6277699999999999
-2.869022666666666
-6.089812999999999
-1.30923
-10.158703333333328
-0.9712400000000001
-8.31859
-4.918090000000001
-0.31777999999999995
-8.479975000000001
-1.72576
-0.16511999999999982
-1.83603
-2.4471399999999996
-12.31036
-1.4011900000000006
-1.008493333333333
1.6895299999999986
-6.597300000000001
0.09860000000000202
0.2373500000000004
-3.209845000000001
-3.98724
-9.623009999999999
-1.18843
-2.4710799999999997
1.621409999999997
-5.86938
-0.8685400000000004
-0.034740000000001436
-3.10391
-2.4806800000000004
-0.8457200000000001
-0.9253399999999993
-4.3086400000000005
-4.681979999999999
-0.07984999999999987
-0.9909099999999997
-2.34896
-0.5404199999999998
-1.76091
-6.51859
-0.18394999999999906
-2.093379999999999
-1.4448700000000005
-3.0554199999999994
-5.92149
1.6616100000000005
-3.0396899999999993
0.48251999999999984
-1.8412800000000007
-3.3705099999999995
-0.5852000000000002
-6.0979
-0.262639999999999
-4.24066
0.40144000000000046
-0.6255299999999993
-0.3031449999999998
0.5340100000000001
0.9579099999999996
-1.63314
-13.096224999999999
-0.9816499999999999
-1.14272
-0.18658999999999804
-0.8708700000000003
-0.823230000000001
2.770980000000001
0.6509200000000004
-3.8000800000000003
-5.208929999999999
-1.3514200000000003
-3.4564200000000005
-1.7421500000000003
-0.9021700000000001
2.398420000000002
-0.24329999999999896
-0.43608000000000025
-1.3954000000000002
-3.85733
-0.80837
-1.7461399999999987
-0.3521499999999995
-8.96359
-1.4107999999999996
-1.7286499999999982
-1.3297533333333333
-1.7832199999999987
-5.31885
-1.8976899999999994
-0.8771000000000002
-3.8000208333333325
-1.0255500000000004
0.48036000000000056
0.2117
-0.0558299999999996
-1.0426200000000005
-6.467245000000003
-2.179415
-4.150245
-5.39592
-1.13883
-4.66285
-1.16772
-18.62133
-0.35811000000000126
0.8174300000000019
-0.2742500000000002
-1.1460700000000004
-1.1026300000000004
-0.9439
-2.1516399999999996
-1.3851300000000006
-0.9752100000000004
-1.65176
-6.965915
-1.0810600000000001
0.37803000000000075
0.9134700000000002
-2.0414699999999995
-1.05242
-1.4697700000000002
-1.5544600000000002
-1.7066499999999984
-9.318230000000002
0.09506999999999888
-0.08667999999999942
-3.773329999999999
-0.12443999999999955
-1.89845
-1.3698200000000003
-8.59748
-7.294119999999998
-0.3715100000000007
-0.9468100000000003
-1.3605900000000002
-0.23235000000000006
1.69963
-6.36443
2.882760000000001
-0.7864199999999988
-0.1405299999999986
0.5113899999999989
-0.41309999999999825
-3.8263200000000013
-4.654046666666666
-3.6531700000000007
-1.35773
-1.2821999999999996
-0.32375999999999994
-1.4776800000000003
-0.9252600000000001
-1.09625
1.5311499999999993
-8.464245000000002
-1.24512
-0.9338499999999993
-0.4122699999999989
-0.6527799999999994
-1.4818600000000006
-6.784909999999998
-7.104358333333333
-1.24394
-2.082979999999999
-1.25952
0.9775500000000037
-1.5009700000000001
-1.5034100000000006
-2.874419999999998
-1.2041099999999998
-0.13810000000000033
-1.21693
0.13099999999999912
-0.9152200000000001
-1.2667266666666666
-3.9883949999999975
-1.2926700000000002
-4.43917
-1.29558
-1.52498
-1.5151399999999997
-1.43202
-1.4582499999999994
-1.08717
-1.5918400000000004
-6.335865
1.0557500000000002
-3.133868333333333
-2.0775499999999996
-1.7983299999999998
-5.866025000000001
0.9293700000000049
-5.070500000000001
-0.39249999999999974
-0.5745300000000004
-1.0399699999999998
0.31184999999999996
-1.2856200000000002
1.0520800000000028
-4.944790000000001
-0.24627000000000077
-6.33571
-2.0000000000575113e-05
-0.16347999999999763
-1.50035
-0.9481100000000002
-0.1669400000000001
-1.4230300000000005
-3.9968399999999997
0.2693899999999996
-1.6889499999999995
-3.068035
-1.6822199999999996
-5.959926666666666
-1.30743
-5.476394999999999
-1.31691
-0.0782699999999994
-1.2603600000000001
-0.2469399999999985
-0.28368000000000027
-7.694909999999999
-5.386339999999999
-1.2430100000000002
-4.927065000000001
1.4321899999999994
-2.39632
-9.126910000000002
-5.54477
-0.2218199999999999
-1.62949
-0.5635899999999995
-1.0557900000000002
-6.453674999999997
-0.12320999999999938
-1.25284
-1.5803200000000006
-1.2773199999999993
1.1367500000000006
0.4282000000000006
-0.04975999999999925
-5.051655
-3.0666150000000014
-8.88355
-4.16977
-4.342539999999998
-1.6173899999999999
-2.0045999999999995
-0.10657999999999979
0.20620000000000016
-1.5309800000000005
-0.4585699999999997
-5.468840000000001
-0.20772999999999897
-2.2833700000000006
-1.6630499999999993
-0.08675999999999973
-1.42535
1.6341099999999993
1.1211700000000033
1.678620000000001
-2.9622569999999984
-0.9174600000000002
-0.4313099999999995
-0.18643999999999894
-8.275771666666664
-0.6096600000000003
-0.48868999999999785
-1.37019
-5.762005
-13.851187000000003
-1.8578900000000003
-1.4040300000000001
-2.46415
-1.07351
-1.0785600000000002
-4.4584600000000005
-1.1367300000000002
-6.93501
-0.7023499999999987
-1.2861000000000002
-0.07901999999999998
0.7389000000000023
-0.4986099999999988
-1.19718
-2.3376999999999986
-4.60012
3.0313299999999987
-2.6503933333333345
-5.0976
-6.210575
-0.55507
-0.22160999999999853
-1.09332
-0.9572399999999999
-0.15773000000000015
-2.53944
-0.5109899999999993
-3.473845
-1.3514900000000005
-1.6189799999999996
0.23938000000000037
-1.29779
0.2775099999999995
-2.39592
-4.39168
-1.00511
-0.4249100000000001
-1.2103000000000002
-1.4324899999999996
-0.3368999999999992
-6.923349999999998
-4.75578
-1.3136899999999994
-0.4097099999999987
-8.998349999999999
-3.372863333333333
-0.7758600000000002
-5.29474
-1.4298799999999985
-1.4172900000000008
-0.55928
-1.8399600000000005
-1.6434899999999995
0.23459000000000096
0.5371499999999965
-1.79975
-2.2186699999999995
-1.05537
-6.922720000000001
-6.836644999999999
-1.2805400000000007
1.2102000000000004
-6.214890000000002
-0.3088700000000004
-1.19538
-0.9814
-1.4622199999999999
-1.196689999999999
-5.50115
1.0859500000000004
-2.0952
-1.07294
-0.5021099999999994
-1.4851100000000002
-0.40880999999999945
-0.31503999999999943
-0.08024999999999904
-2.4674299999999993
-1.13617
-0.9873500000000005
-0.34187999999999885
-0.5082599999999986
0.2813700000000028
-0.26258999999999977
-2.8073900000000016
-3.52304
0.18600000000000172
-6.863840000000001
-0.4446500000000002
-3.5851800000000007
-0.46760999999999997
-0.19394999999999918
-8.227500000000003
-1.58149
-1.41542
-0.30891999999999953
-0.5016599999999996
1.2242800000000025
-4.1927
-1.7457499999999988
-1.9650399999999983
-2.239299999999999
-2.3501900000000004
-0.29366000000000025
-1.1525000000000003
0.7505800000000002
-0.1312500000000001
-1.599489999999999
-1.4360699999999997
-1.4205800000000004
-7.5037899999999995
-10.280799999999997
-1.2095500000000001
1.3268700000000027
-0.32547666666666664
0.045030000000000125
-5.20673
-1.5657200000000002
-4.334880000000002
-1.38109
-5.76564
-0.34350000000000025
-1.0345810000000002
-2.109440000000001
-1.7117300000000006
-0.36227
0.04326000000000074
-1.6034199999999998
-1.749450000000001
-1.45032
-4.678636666666666
-1.5420000000000003
-7.909400000000001
-2.5018000000000002
-1.3938200000000005
0.12421000000000171
-1.34039
-6.557285
-0.4086799999999996
-0.6413100000000003
-2.1784900000000005
-4.54622
0.5348700000000004
-0.5368199999999987
-1.47019
-0.90419
-1.1460599999999994
-0.9732699999999982
-0.041590000000000904
-1.25213
-2.35713
0.26926000000000205
-1.39074
-3.267375
-2.7629550000000007
-9.611791666666662
0.8902300000000019
0.44656000000000073
-1.23247
-1.0089700000000001
1.282939999999999
-1.6104299999999996
-1.4938900000000004
-6.860296666666667
-1.1086500000000001
0.41502000000000017
-5.705319999999999
1.0664999999999996
-1.04403
-0.3796100000000002
-6.7318
-1.831859999999999
-1.1917000000000002
-0.5286600000000002
-1.00858
-0.08825999999999945
-0.23363000000000012
-4.0189900000000005
-6.50322
-7.8092016666666675
0.0009100000000004105
-1.5095900000000002
0.17282999999999915
-0.558589999999999
-2.0943899999999998
-0.35063999999999984
-0.36737999999999926
-0.44904999999999995
-1.3850100000000003
-1.4268
1.5886000000000018
-1.06759
-1.6836499999999996
-1.1984600000000003
-5.938909999999998
-0.4300000000000004
-1.4661900000000003
0.7033999999999987
-1.0132500000000002
0.16944999999999988
-9.486984999999999
0.2761600000000015
-0.7520100000000004
0.5730000000000006
1.0085499999999996
0.3113600000000012
-0.9024400000000001
-0.6800600000000003
-3.9145233333333325
-2.523874999999998
-3.0503799999999988
-0.3075199999999997
-5.6507000000000005
0.7145699999999997
-5.570710000000001
-0.4448000000000004
0.9782200000000008
-1.5663900000000002
-5.544293333333334
-1.17367
-1.488209999999999
-6.060181666666667
0.08164000000000105
-1.2779600000000002
-0.19948999999999806
-0.9361500000000003
1.6881300000000006
0.604110000000001
-1.1582199999999998
-0.32283999999999924
-2.573480000000001
1.0365600000000006
-0.44923999999999964
-1.23931
-1.3828200000000002
-1.47933
-1.43036
-1.8319900000000002
-0.8956600000000006
2.4508500000000013
-0.014410000000000034
-1.6684600000000003
-1.3410100000000005
-1.14782
-0.1548899999999992
-1.0819400000000001
-6.3959593333333356
-7.099880000000001
-1.56119
-0.4912499999999995
0.12776000000000054
-1.4307263333333338
-7.319904000000001
-1.5468000000000006
-5.269
0.3715199999999992
-0.7324099999999996
-0.9064800000000001
-1.6744799999999995
-1.33838
0.28342
-1.38288
-0.08889000000000036
-1.8313799999999998
-1.1928300000000005
-0.2684699999999993
-2.779090000000001
-1.80165
-0.17134999999999867
-1.6397099999999991
-1.1984849999999994
-1.46145
-2.5138
-1.2568000000000001
-1.3988300000000002
1.48258
-0.9043600000000003
-3.26513
-1.0463600000000002
-5.33073
-3.4363999999999972
-7.935059999999997
-1.5914299999999995
2.1525200000000004
-1.4686700000000004
-1.060841666666667
0.015779999999999905
-5.208279999999996
0.08318999999999988
-0.5587099999999989
-1.8293199999999998
-0.7233349999999997
-1.3231199999999996
-4.446208333333333
-0.5937600000000001
-1.7025700000000001
-2.793240000000001
2.045780000000004
-1.654119999999999
-1.96313
-2.3097949999999994
-1.2615700000000003
-7.888829999999998
-0.4743900000000002
-1.58892
-2.030830000000001
-1.8257450000000002
-4.033839999999998
-1.4853600000000005
-8.868040000000002
-0.7428699999999997
-7.586408333333334
2.015120000000003
-3.6198
-1.71083
-0.8158699999999997
-4.301029999999999
-4.735546666666666
-0.5201000000000005
-1.27308
-7.053870000000002
-1.3905000000000007
-3.4408599999999994
-2.9689200000000002
-1.14972
-0.42774499999999915
-0.362409999999999
-1.7102400000000002
-0.15115999999999985
-0.3998199999999984
-2.0012600000000007
-1.0210000000000001
-1.4033800000000007
0.7452200000000007
-1.5580999999999994
1.3843800000000015
-1.6781399999999997
-1.31096
-1.766869999999999
-1.26547
-0.4317999999999991
-1.05674
1.2282000000000028
0.6920400000000009
0.3487900000000004
-0.4876099999999993
-0.20318000000000014
1.6794700000000025
0.3378800000000013
0.6782500000000009
-0.7431200000000002
-12.105185000000006
-1.3828600000000004
-0.0697499999999992
-2.0208899999999996
-0.1707499999999984
-4.468205000000001
1.7752100000000013
-1.4410599999999996
-2.32557
0.18214999999999915
-1.11083
-0.8301900000000001
-1.299190000000003
-2.1507299999999994
-4.81538
-0.39624999999999944
-3.30417
1.145360000000001
-2.188164999999999
0.05598000000000125
-0.593589999999999
-1.28814
-0.2770699999999998
-4.74891
-0.30205999999999955
0.13683999999999985
-1.8295720000000004
-0.2829699999999995
-0.3320000000000004
-0.4638400000000006
-1.2187599999999985
-1.54325
2.171709999999999
-0.17944000000000004
-1.1838000000000002
-0.7929600000000001
-6.057919166666666
3.35311
-1.66808
-1.2229599999999998
0.007499999999999618
-6.80355
0.8829900000000015
1.6353700000000018
0.05539000000000227
-0.13404999999999745
-1.4293399999999987
-1.0315500000000002
-2.5357999999999987
-0.02511999999999992
-0.8678500000000002
-0.1962299999999999
-1.22597
-0.7846699999999995
-2.126855
0.7778400000000012
-1.583325
-2.0293500000000004
-1.16332
-1.8786900000000004
-13.12535
0.2801700000000009
-0.5619699999999999
-0.3036399999999989
-0.88626
0.043960000000000665
-8.913152666666669
0.17457000000000122
-0.22789999999999788
-0.3611199999999988
-1.0506899999999997
-1.2688
0.3450599999999999
-2.0589400000000007
-2.026509999999999
-1.6382400000000001
-4.389355000000002
-5.015219999999999
-0.912409999999999
-1.44424
0.25727999999999884
-1.5494599999999998
-2.5237299999999996
-1.6697300000000002
-1.3599000000000006
-1.5608699999999986
-1.1980199999999999
-1.03445
-0.8561400000000005
-0.15900999999999932
-1.5662299999999998
-5.35121
-0.8560899999999999
1.0136199999999995
-0.4871499999999993
-1.38524
-1.28752
2.1715099999999987
-1.14257
-0.4167700000000003
-1.51715
0.05818000000000034
-2.862795
-0.2847900000000003
-1.12941
-0.6353399999999996
1.1182299999999965
-2.2652500000000013
0.011720000000001063
-0.9887800000000001
-1.94693
-1.22874
-6.814881666666668
-2.057000000000001
0.8411899999999999
-5.1772100000000005
-1.2431
-6.133279999999999
-3.4611799999999997
-2.0954799999999993
0.30711000000000066
-0.47896000000000005
-1.8003899999999984
-5.088139999999999
-1.4715300000000007
-1.16913
-6.502979999999998
-4.1747099999999975
-1.4422199999999998
-1.2363049999999998
-1.33459
-0.0880599999999998
-0.8606500000000005
-2.1834799999999994
-0.35440999999999967
-0.5973700000000003
-4.16112
-4.516189999999998
-0.14501000000000042
0.2878799999999997
-3.08167
-1.4375200000000004
-2.5809233333333346
-0.7051000000000003
-2.1654
-9.381123333333331
-1.7633799999999988
-0.3068500000000005
-1.1240800000000002
-4.91362
0.1392
-1.0595500000000002
-0.3053599999999991
-1.6399700000000004
-1.2976700000000005
-0.4018199999999982
-1.3189700000000002
0.24124000000000367
-2.3793399999999987
-1.0082400000000002
-1.2527300000000001
-0.9596400000000003
-0.2690400000000004
-1.5450999999999997
-2.4324049999999984
-1.8993299999999982
-9.384739999999999
-0.4085499999999995
-3.7075349999999996
0.35328000000000226
-0.57667
-0.020960000000000534
0.703449999999999
-1.5667
-7.441840000000001
0.20184000000000002
-2.3088200000000003
0.8782000000000008
-5.175785
-2.690808333333334
-1.0001900000000001
-1.4232800000000008
-0.8332100000000001
-0.15821999999999892
-8.608222000000005
0.12375000000000047
0.06101000000000112
-2.2433700000000005
0.24673999999999952
-0.07439000000000029
0.035680000000001044
-0.4677200000000007
-3.8741400000000006
-0.5883859999999992
-4.47734
-4.885325
-2.1492199999999997
-0.9127400000000001
-1.9936999999999991
0.36527000000000087
-4.236650000000001
-5.204924999999999
-6.327694999999999
-0.43737000000000004
-0.9762200000000001
1.70663
0.5402400000000009
-1.0988
1.9370300000000023
-1.1807000000000003
0.6164500000000019
-10.03949
-1.13382
-1.2890000000000004
-0.3604949999999998
-0.016899999999999693
-0.91405
0.523949999999999
-0.4554100000000002
-3.4914
-1.40199
-4.69688
0.5099299999999993
-0.09602999999999973
-0.03049000000000046
3.4116099999999987
-1.9796999999999998
-1.4048200000000002
0.09951000000000154
-0.2157299999999991
-1.3484400000000005
-0.9085299999999993
-1.34961
1.4806800000000013
-2.3662099999999997
0.8788900000000035
-1.71034
-4.329179999999999
0.02847000000000044
-4.334715
-1.1902899999999992
-4.205454999999999
-1.97511
2.2524300000000026
-5.599605
-7.296290000000001
-7.288355000000002
-1.4403899999999998
-0.13047999999999993
-0.7755700000000006
-0.9306800000000002
-1.8902200000000002
1.0562900000000024
-0.9234000000000002
-1.6706800000000004
0.5042599999999995
-0.3314200000000005
-4.298959999999999
-9.10213
-1.2154000000000003
-3.9610939999999997
-4.105220000000001
-0.3833
-2.7641399999999994
-0.1935499999999991
-1.7859400000000003
1.092169999999999
-0.2241399999999999
-7.498084999999999
-0.38206999999999935
-3.83645
-1.21764
-2.2641800000000005
-1.3914400000000005
-1.1947400000000001
-0.13793999999999862
-0.05377999999999983
-1.771830000000001
-0.6603299999999988
-5.16153
2.1637800000000027
-1.5334799999999986
0.32115000000000027
-6.378753333333334
-2.1127100000000008
1.8103399999999992
-0.63614
-0.3680000000000002
-2.5254200000000004
-0.8581300000000001
0.13556000000000168
-1.6996599999999997
-1.1541400000000002
-4.172750000000001
-1.6865099999999997
-1.1612500000000001
-1.2564900000000003
-3.7028650000000005
1.0148099999999984
-1.5126300000000001
-1.8644100000000006
-1.5941
0.1426600000000009
-1.2624600000000006
0.09300500000000023
-0.6533199999999983
-1.06423
-0.9790300000000001
-3.0987400000000016
-1.7098600000000004
-6.378384999999999
-1.7085599999999999
-2.90725
-1.5075499999999988
-2.7022899999999987
-6.501470000000002
-0.18554999999999977
-2.3177199999999996
-4.47804
-1.1975700000000002
-1.4295
0.6930800000000017
-1.33046
0.7182200000000019
0.4233099999999992
-1.7535600000000002
-1.2358900000000002
-6.064170000000001
-0.00434999999999941
-1.0527700000000002
0.026260000000000394
-4.85677
-2.425149999999998
-1.6999999999999997
-6.552859999999997
-8.012193333333332
-4.38196
-0.8452499999999992
-6.69133
0.9485900000000047
-6.22503
-0.3108299999999987
-6.152219999999999
-2.08011
-1.6651600000000004
-0.6232299999999982
1.499530000000001
-6.852895
-1.0921500000000002
-0.479949999999999
-0.29710000000000025
-1.20154
-1.7068399999999992
-1.4667700000000001
-0.19902999999999926
-1.4808800000000002
0.8085200000000008
-1.15357
-0.12848999999999933
-6.477585000000001
-1.17204
-9.49987
1.9557999999999987
-4.00192
-0.9342899999999992
-0.23154999999999926
2.127030000000001
-0.09049999999999991
-0.24885000000000002
-0.18083999999999878
-1.5372099999999995
-1.2096799999999996
1.5674200000000034
0.2861200000000006
-3.114749999999999
-0.12982999999999867
0.20158000000000054
-0.5274000000000001
-6.213093333333333
1.7850200000000016
-2.1105600000000004
-4.67673
-0.8765500000000002
-1.0231000000000001
1.4889899999999994
-6.374590000000001
-0.4583999999999997
-0.5366600000000005
-1.11081
-0.03447999999999962
-1.05422
-3.3031699999999975
-5.920441666666668
-1.5260000000000005
0.08405000000000107
-1.34456
0.18032000000000092
-7.3251800000000005
-1.1452200000000003
1.5440200000000015
-0.42659000000000213
-1.0618699999999999
-2.109169999999998
0.36401999999999957
-0.08315999999999912
-0.024289999999999923
-5.918159999999999
0.5683400000000016
0.7648300000000015
0.7988300000000028
-4.60521
-1.3303900000000002
-0.3089099999999998
-6.765910000000002
-3.08598
-1.1181
-3.976983333333332
0.11712000000000167
0.2230999999999994
-0.5246549999999994
-2.5133949999999996
-1.6359999999999988
1.187829999999999
0.7672400000000001
-0.1015500000000007
-1.98511
0.8750000000000018
-3.941990000000001
-4.38686
-2.690545000000001
-1.3547500000000003
-2.04779
-12.888989999999993
-1.5634299999999999
-1.57331
-0.0064200000000010915
-0.018089999999999717
-4.76831
-1.2288100000000006
0.20531999999999928
-5.082
-1.2663300000000002
-1.8948000000000005
-0.6361200000000005
-1.3108399999999998
-0.10199999999999876
-1.3288699999999998
-1.43462
-0.13729999999999953
-0.06168999999999891
1.9353300000000009
-0.07549999999999812
0.900300000000001
-0.6482700000000001
-0.6386300000000001
-1.18376
-2.1912699999999976
-3.39303
0.05693000000000059
-1.96374
-0.11732000000000053
-1.5153700000000003
-1.7933300000000005
-1.676699999999999
-1.7309099999999997
-3.15042
-0.85102
0.07201000000000035
-1.4344700000000001
-0.3601500000000004
-0.32735000000000014
-1.1346300000000002
-0.8856900000000002
-2.0483300000000013
-1.9413700000000005
-2.496229999999998
-1.0349900000000003
-0.07233000000000034
-4.884590000000001
-4.27205
-2.86584
-1.2178900000000001
-0.66715
-1.1975300000000004
1.414230000000003
-1.9784399999999995
-1.4210600000000004
-1.9435550000000006
-0.9442600000000001
-6.45236
-1.3790200000000001
-1.1590300000000002
-6.761104999999998
-1.6079199999999996
-1.32032
-2.505609999999999
-1.3861700000000003
0.7393000000000003
-1.2772900000000005
-6.58293
1.0866800000000012
-6.045739999999997
-0.95081
0.47053000000000056
-1.27161
-1.8510500000000008
-3.73662
-1.6066599999999998
-3.251153333333334
-1.5058700000000005
-1.2056200000000001
-0.55887
-1.3913400000000002
0.8329200000000005
-0.4310800000000006
1.5777500000000022
-0.16795999999999855
0.8126500000000001
-1.08207
-1.28303
-1.3243500000000004
-1.2089299999999998
-6.773230000000001
-1.5611200000000003
-0.24965999999999988
-0.9917200000000002
0.1620000000000017
-0.335449999999999
-6.759139999999999
-3.81624
1.4184600000000032
-0.1972599999999991
-1.5014699999999994
-7.6816
-0.009429999999999383
0.06744999999999979
-4.188295
-1.8396299999999992
-3.48451
0.06525999999999987
0.09376999999999991
-1.273709999999998
-2.4123
0.09401000000000015
-5.2661
-4.06865
0.10437999999999947
-0.2974500000000001
-3.1643899999999996
-2.7516
-5.570690000000001
-1.2183100000000002
-0.5320400000000005
-5.6192550000000026
-0.4355899999999997
-1.7740700000000005
1.1537300000000026
-6.222169999999999
-0.8435400000000002
2.5153100000000035
-4.6080700000000006
-2.0240600000000004
0.7181399999999998
-1.39983
-0.99283
-0.8425899999999993
-7.929853333333334
-0.0019199999999985895
-1.1225899999999998
-0.22844999999999982
-2.00151
1.1428900000000022
-0.6054999999999993
-1.9426899999999998
-1.4697600000000002
-1.225049999999999
-1.4155700000000002
-1.3736200000000003
-2.6241700000000012
-0.24357999999999957
-1.08806
0.71252
-5.226616666666667
0.6033900000000023
-1.7015999999999996
-3.6687700000000003
-0.9001099999999991
-1.3281900000000002
-3.657840000000002
-8.825189999999997
-2.44881
-0.09431000000000023
-0.8774799999999991
-1.9640299999999988
0.1490600000000013
-1.2061200000000003
-1.34533
-1.3739999999999999
-1.4712900000000002
-5.8224300000000015
-1.01133
-1.36219
-5.109559428571429
-1.21131
-0.6707400000000003
-7.803515
-1.43307
-1.9512300000000007
-1.8079100000000015
-1.4549100000000008
-1.2505800000000002
-0.25997000000000003
-5.60458
-1.57477
-1.2900500000000001
-0.8988399999999994
-1.3432400000000007
-1.2478
-1.4401800000000005
-0.9267600000000006
-1.5879566666666673
-1.7275899999999988
-1.5327600000000001
-7.91843
-0.010889999999999955
0.10383000000000098
-1.1481200000000003
-0.7749900000000003
-1.11167
-5.1469249999999995
-2.032239999999999
-1.3809600000000002
-2.0226799999999994
-0.5390300000000006
-0.2761399999999995
-4.217069999999998
0.982390000000001
-1.2591899999999998
0.6595900000000012
-2.8505599999999998
-2.2526699999999997
-7.077095
-0.9074249999999989
-1.4221200000000005
-1.4733000000000014
-8.320518333333332
-1.4956
-0.5323900000000008
-3.070379999999999
-1.5872699999999997
0.7184200000000005
-1.65631
0.3192600000000021
-1.717099999999999
-1.4852499999999997
-1.5939800000000002
-0.85528
-6.000063333333334
-0.02615000000000034
-0.1878099999999997
0.12918000000000163
-1.184805
-1.2405300000000001
0.2492200000000011
-1.4808300000000003
-0.8525799999999986
-1.7723100000000005
-1.35596
-0.4321199999999994
-0.44894000000000067
-0.8173400000000007
-5.143210000000002
0.15536000000000127
-4.624640000000001
0.2938199999999993
-5.699066666666668
-2.234749999999999
-1.5417
-1.4990999999999997
-2.95459
-5.012385000000001
-1.7766200000000003
-0.23396000000000017
-2.8959599999999996
0.6816300000000008
-1.2011900000000002
-0.28615999999999964
-8.96435
-1.5831299999999997
-1.8694800000000005
-0.3354100000000001
-7.549600000000001
-5.869860000000001
-0.3642600000000007
-0.15435
-0.7036
-1.6530699999999998
-1.1410799999999997
-0.3372499999999997
-4.0696200000000005
-4.34374
-1.07979
-1.1387900000000006
-1.33332
-4.47273
-3.992125
-1.38511
-1.2442900000000006
-0.8304799999999996
0.6056100000000013
-0.8474200000000001
-0.06787999999999783
-0.3217799999999995
-1.6574233333333337
-1.04857
-1.0011700000000001
-0.6454499999999999
-1.0638899999999996
0.45601999999999876
0.6804600000000023
-3.526225000000001
-2.3248999999999995
-0.89898
0.208770000000001
-2.0026599999999988
-0.09408999999999967
0.5970700000000002
0.8302000000000005
-1.0500600000000002
-1.2757
-1.4092200000000004
-2.14762
-0.9176900000000003
-1.10665
-0.22801000000000027
0.5754999999999999
-0.8727900000000003
-5.421710000000001
-6.347449999999999
-1.5379599999999984
-2.61755
-1.2919500000000004
-1.4959500000000003
-3.756580999999998
-1.0188300000000001
-7.276435000000004
-0.64652
-1.0758
0.015390000000000903
-1.3759100000000004
-1.6817700000000007
-2.07552
-1.24788
-0.7064199999999999
-4.090800000000001
-2.569259999999999
-5.0807133333333345
-1.63871
-1.4545599999999999
-0.9161900000000002
-1.3042500000000001
0.8787800000000006
-2.4654200000000017
-0.6248999999999998
-1.2665100000000002
0.021150000000000446
-2.61922
-2.139500000000001
-0.20630999999999877
-1.4765550000000003
-5.39065
-2.3054099999999993
-3.5162000000000004
-0.23719999999999875
-0.97431
-1.3166
-0.7504450000000001
0.2924299999999993
-7.933269999999999
-2.6502600000000003
-0.02733999999999892
0.4950099999999993
-0.90655
2.04998
-0.5115799999999993
-1.6589699999999998
-6.483001666666666
-1.7804999999999995
0.19268999999999958
-6.524658333333333
-3.086080000000002
-0.21004999999999963
-3.1262683333333348
-1.1362500000000002
-0.2886299999999993
0.24343999999999988
-0.2842500000000002
0.11967999999999979
-1.5646940000000003
-4.378029999999999
-2.2573300000000005
-1.5396999999999998
0.52241
-3.1834199999999986
-0.14898999999999973
0.07206999999999852
-6.73521
-1.0254400000000004
-0.8213400000000001
-3.4574099999999985
-1.1555900000000001
-0.3234100000000003
-4.74723
0.1774200000000028
0.7518800000000003
0.07973000000000052
-1.0535100000000002
-0.11628999999999945
1.6494500000000003
-1.11915
-1.13122
-6.9412899999999995
-2.8134399999999995
-1.2133699999999994
-2.2720200000000004
-3.259440000000001
-0.1689199999999983
-1.3383699999999998
-5.94932
-0.9949600000000003
-1.34324
0.39402999999999855
-0.07191999999999965
-1.7957699999999983
0.2539800000000001
-1.959089999999998
-1.1119099999999997
-11.031810000000002
-1.07964
0.8830400000000025
-0.03325999999999807
-3.789210000000002
-1.6333000000000002
-1.9121500000000002
-1.5521599999999998
-1.4171900000000004
0.14430999999999972
-17.065314999999995
-0.5507399999999988
1.1612700000000018
-4.629716666666666
-0.22554999999999925
-1.1424900000000002
-0.8558000000000001
-1.2714800000000002
-1.4749500000000002
-1.5095399999999999
0.6470900000000022
-5.022540000000001
-1.5174200000000004
1.5927899999999995
-5.562939999999999
1.072200000000001
-1.7329499999999998
-1.47566
-5.0307799999999965
-2.1944500000000007
-2.25102
-1.79121
-1.08012
-0.7750100000000002
-1.1199899999999998
-6.1018349999999995
-1.1181500000000002
0.17021999999999982
-2.729706666666666
0.7519750000000023
-6.312040000000001
-1.80904
-8.50266
-1.05021
-6.417009999999999
-2.1381499999999987
-7.84706
0.13614000000000104
-1.1458300000000001
-1.920505
-0.6390499999999992
-1.0556500000000004
-1.21991
-1.4003200000000002
-1.2377500000000001
-1.4592100000000003
-0.8185300000000003
-1.2665400000000002
-1.2866300000000002
-0.5158000000000006
-1.1119700000000001
-0.8453800000000009
-1.2565800000000003
-0.13308999999999982
-2.05253
0.2044100000000031
-0.8463300000000002
-1.3208300000000004
-7.839134999999998
1.350380000000004
-1.12254
-1.5182300000000004
-1.7283300000000001
-0.4926499999999995
0.7799700000000025
2.134640000000001
0.7603500000000007
0.30639000000000194
-5.354444333333333
-4.66963
-1.22886
-2.12059
-1.9317200000000003
-8.899619999999999
-2.2882
-0.48471999999999915
-0.2750799999999989
-2.0682300000000007
-0.09560999999999897
-3.81537
0.26561999999999997
-0.2478299999999991
-2.203339999999999
1.3063800000000039
1.16615
-1.8103599999999997
-3.2737600000000002
-1.3977100000000002
0.5693600000000023
-0.7426299999999997
-1.23498
-3.814660000000001
-2.2663599999999997
-1.3549599999999997
-1.3841200000000002
-1.5248100000000004
-1.09244
-1.19329
-1.1749200000000002
-3.230690000000002
-2.0331199999999994
-2.17641
-2.1422800000000004
-0.6628900000000001
-0.05692999999999948
-1.1511900000000002
-2.4325799999999997
-0.9474599999999995
-5.560435
-3.497197999999999
-2.763675
-8.2643
0.0768899999999999
-0.6283500000000001
-2.8882733333333332
-1.4917900000000002
-0.9415700000000007
-2.174599999999999
-1.6001500000000002
-5.98832
-4.76857
-1.3244100000000005
-2.3403850000000004
-5.22675
-6.948114999999999
-8.412902000000003
-2.35092
-0.14027999999999952
-2.0441100000000003
-1.4530299999999996
-0.3072400000000004
-2.2399299999999993
-1.5350700000000002
-1.7050299999999994
-1.0728600000000001
-1.09412
-1.9624899999999994
-1.0209
-1.3121900000000002
-2.92929
-0.41527000000000036
-1.4874100000000003
-0.5295499999999995
-6.421009999999999
-1.7269150000000004
0.0312800000000002
-1.8332699999999988
-0.82333
-8.889910000000004
-0.17466999999999977
-1.7524899999999999
-0.07179000000000035
-0.1927300000000003
-2.3408999999999986
-0.5223300000000005
-0.2680100000000003
-1.01936
-0.16252999999999884
-1.3582800000000002
-1.15857
-1.7398600000000006
-1.67145
-0.7262900000000003
-7.150678333333333
-0.40304999999999747
-1.29622
-0.07125000000000026
0.8235700000000015
-1.2165400000000002
-4.240270000000001
-4.627235000000001
0.018100000000000005
1.0496099999999986
-2.433979999999999
0.2848200000000005
-0.17635000000000112
-5.495789999999999
-0.3046900000000007
-7.096945000000002
-5.669079999999999
-1.09646
-1.6421999999999999
-8.79982
-1.3701100000000002
-0.02600999999999931
-0.5455900000000002
-1.8484699999999998
-1.52044
-1.6322800000000006
-2.314869999999999
-1.3338100000000002
0.7423800000000025
-1.4599300000000002
0.6887200000000009
-0.9044200000000001
-1.1019299999999999
-0.31594
-1.3002900000000004
1.6269199999999997
-1.7531299999999999
-2.2637350000000005
-3.7843299999999997
0.7794700000000006
-6.526234999999999
-1.8434200000000005
-1.1906399999999997
1.1971200000000048
-5.014539999999999
-0.9960900000000001
-1.4254000000000007
-1.4735800000000006
0.055940000000001655
1.925600000000001
-1.6605400000000001
-3.3788066666666663
-2.6259700000000006
-4.113819999999999
-1.37833
-1.5577033333333334
-2.337629999999999
-1.5603700000000003
-3.872299999999999
-2.9999999999086313e-05
-1.3790400000000003
-0.34676999999999836
0.2994800000000002
-1.2620400000000003
-0.13977000000000017
-1.2819500000000001
-1.4552600000000009
-4.7343150000000005
1.1255099999999998
-5.401109999999999
0.9789300000000003
-0.43904000000000043
-2.45076
0.07857000000000136
-0.19585000000000052
-1.4382899999999998
0.9960199999999995
-3.19676
-1.25454
-1.0866799999999999
0.480530000000001
-0.4203499999999998
-2.2745949999999993
-0.8599600000000001
-0.5852999999999997
-0.6894800000000002
-1.8489399999999998
-9.57955
-1.39998
-0.8336999999999981
-1.7608100000000004
-1.0031400000000001
-0.0958899999999997
-0.28981999999999974
-1.14567
-2.2104499999999994
0.6129800000000025
-4.04911
-1.7330800000000002
-0.4023100000000006
-3.2534233333333327
-0.6146799999999999
-1.4832500000000004
-1.8192400000000002
3.1365
1.224429999999999
-0.08924999999999761
-0.23791999999999713
-1.19707
-1.4898100000000003
0.4289300000000018
-0.32358999999999816
-5.02605
-3.9521000000000006
-1.2550300000000008
-1.3138899999999993
0.2137299999999991
1.363250000000002
-1.29114
-1.47751
-0.99201
-0.6177100000000001
1.7718800000000012
-1.2258900000000008
-0.3190299999999999
-2.514869999999999
-0.881659999999999
-2.302159999999999
-1.2415800000000001
-3.9551300000000005
-0.4917
-8.13715
-0.2755699999999994
-1.1623999999999999
-1.0535300000000003
-1.1989299999999992
-1.2382900000000001
0.6060500000000015
-1.3684299999999998
-0.3108299999999995
-1.17477
-6.961769999999999
-0.6501099999999999
0.35429000000000044
0.28773000000000026
-0.7284499999999995
-1.37287
-1.2529299999999992
0.9874599999999998
-0.7538599999999992
0.6351100000000014
-0.5338899999999998
-10.922665
-0.43945999999999874
-1.6187099999999992
0.8423199999999993
-1.53426
-1.3876100000000005
-0.08514999999999917
-2.282482
-1.493349999999999
-0.689250000000001
-2.074320000000001
-0.08510999999999946
-1.4024700000000003
-2.5041200000000003
-1.7736750000000003
-2.2396599999999998
-2.2143500000000005
-0.14747999999999972
1.6895100000000016
0.8229899999999983
-1.05275
-1.9187599999999996
-2.12234
-1.8309600000000004
-6.83531
-1.6280200000000005
-1.7782099999999987
0.45049000000000006
-1.0094799999999984
-1.5848999999999998
0.5552700000000026
-1.9818700000000002
-2.3878549999999996
-2.2217000000000002
0.882010000000002
-0.4130399999999992
-1.3565600000000004
-1.37239
-0.9991500000000001
-1.7954099999999995
-1.74316
-1.25101
0.17898000000000014
-3.8240000000000003
-1.1422800000000002
-5.137715
-2.574409999999999
-6.242403333333334
-5.62226
-1.2883800000000005
-1.59965
-1.31293
-4.993159999999999
-1.4940749999999998
-2.460609999999999
-0.94788
0.032839999999999536
0.57544
-0.8603600000000002
-1.45674
-1.17696
-1.4610899999999998
-1.14374
-5.83199
-0.41161999999999843
-1.1755400000000005
-1.3520699999999999
0.7152799999999981
-1.9371199999999995
-0.8434100000000001
-0.08905999999999892
-3.6727150000000006
1.704060000000006
-8.13655
0.8406200000000006
-6.44821
-2.6235299999999993
0.8712899999999983
-1.3095600000000003
-6.377939999999997
-1.7689999999999997
-4.29228
0.16178000000000003
-0.7359499999999999
-1.30294
-5.659809999999999
-0.19503999999999866
-1.713629999999999
-2.466049999999999
-1.6122900000000004
1.1055400000000017
-1.7325300000000001
-1.2228200000000002
-4.896270000000001
-4.0858799999999995
-1.8626533333333333
-1.1057199999999991
-3.507039999999999
-2.64996
-3.9003000000000005
-1.0875399999999997
0.9948499999999996
-0.6317699999999995
-1.4216600000000008
2.578460000000001
-0.20253000000000076
0.6909799999999988
-3.2509700000000024
-0.37322000000000033
0.6494700000000013
0.2479899999999997
-1.0441100000000005
-0.21358999999999995
-0.5860700000000003
-0.31053999999999904
-2.7921400000000003
-4.265559999999999
-0.2506399999999991
-4.093969999999999
-0.5199400000000005
-6.096875
-1.6123199999999998
-0.3951749999999997
-1.7420200000000003
-2.8470549999999983
-2.309090000000001
-2.4602699999999986
-1.7516099999999988
-0.16908999999999985
-0.14511999999999903
-2.6100200000000005
-3.685669999999999
-2.2301599999999984
1.021870000000002
-4.71716
-4.467060000000001
-0.6533100000000002
-7.662165000000001
-10.92925
-3.66972
-1.4159600000000003
-0.00733000000000017
-0.28866999999999987
-3.9892900000000004
-6.413849999999999
-0.4658000000000003
0.31499000000000055
-0.5706799999999999
-0.07454000000000005
-0.5187999999999999
-6.3846050000000005
-2.278736666666666
-5.671769999999999
-7.029996666666665
-7.267979999999998
-3.7271900000000007
-1.2641900000000006
0.29774000000000056
-1.7832299999999999
-5.79739
-2.3545049999999987
-9.285860000000003
-1.28852
0.9425000000000017
-1.1610500000000004
-2.28508
-1.1773300000000002
-1.5226399999999995
-1.30992
-1.57283
-0.3974399999999991
0.5078800000000001
-0.8468799999999996
-2.071039999999999
-1.25874
-1.3237700000000001
-0.19175999999999926
-1.0820799999999993
-0.9236499999999999
-0.30886999999999865
2.221720000000003
-0.9589200000000001
-4.94622
-2.5566199999999997
-2.1866499999999984
-2.330939999999999
0.4076100000000016
-6.362799999999999
-1.8443400000000003
-0.6688900000000002
-2.6012299999999993
-1.01348
-0.09833999999999954
-3.96842
-4.479289999999999
-0.5956999999999997
-0.6143100000000004
-1.690466666666667
-1.314529999999999
1.5992500000000032
0.8148799999999996
-1.5018699999999998
-0.9135500000000001
-0.9355
-0.8894199999999999
-10.07751619047619
0.5142300000000015
-9.746199999999998
-1.11379
-1.6607199999999995
-0.004210000000000269
0.8415000000000021
-3.68048
-1.65072
-0.29832999999999965
-0.5799000000000004
-1.42928
-4.781803333333333
-2.0779499999999995
0.5931800000000012
-2.1180699999999995
0.5982900000000022
-1.4076100000000002
-1.25722
-4.6484625
-3.005299999999999
-7.824030000000002
-1.6708999999999992
0.09835000000000194
0.3300500000000004
-1.0538399999999999
-1.4833200000000006
-0.013669999999999183
-2.5535300000000003
-5.909549999999999
-1.41345
1.2620500000000003
-1.3101500000000001
-0.1664599999999995
-2.4385499999999998
-1.00181
-1.882450000000001
-2.026325
-2.91617
-0.25652999999999926
-4.449060000000001
1.67645
-7.7702725
-0.3565599999999999
-0.7881800000000005
-1.01978
-0.8127399999999992
0.7619000000000014
-0.8881700000000001
0.7731500000000002
-1.6480099999999993
-4.308839999999999
-1.0827
-4.75313
1.2997900000000016
-2.21645
0.19533
-1.2013700000000003
-2.863570000000001
-0.40827000000000013
1.0043100000000003
0.4201800000000018
-1.0085499999999998
-8.70268
-2.63762
-0.17322999999999822
-0.24556000000000033
-2.029099999999998
-6.634849999999998
-1.05981
-0.4524900000000004
-5.90674
-1.01163
-0.08346999999999971
0.6074200000000012
-2.07386
-5.04057
-0.9750000000000001
-0.627489999999999
-0.7821699999999989
-1.995830000000001
-0.8891200000000004
-0.90641
-0.18344999999999756
0.09101999999999988
-0.870874999999999
-1.10161
-1.6298799999999987
-1.0933300000000001
-6.47004
0.04420000000000046
-2.07202
-9.78893
-2.885530000000001
-0.33102999999999894
-4.456995000000001
0.2252699999999992
-0.7687700000000006
-1.4896
-1.7067
-1.2246200000000003
-5.881060000000001
-1.2361499999999999
-4.82478
-5.220890000000002
-7.757574999999998
-6.472075
-4.82803
-0.3799199999999997
-0.9918100000000002
-1.05451
-2.8796199999999987
-5.499300000000002
-0.01010999999999973
-1.5736000000000003
-0.5024899999999997
-3.7127649999999983
0.21940000000000026
-6.82023
1.0993200000000019
-2.2401399999999994
-0.3912599999999996
0.741130000000001
-0.20924999999999938
-0.9973700000000001
-1.23487
-1.3230700000000004
0.43135000000000123
-4.9018999999999995
0.8074400000000013
-1.2291699999999999
-1.1963099999999995
-1.3436599999999999
-1.3028299999999995
0.469850000000001
-0.9278499999999997
-1.5035399999999992
-0.3998900000000004
-0.16911999999999938
-4.50742
-1.6744799999999993
-4.5926468333333315
-0.8148100000000003
-3.8414666666666664
1.1559800000000036
1.19319
-7.664719999999999
-1.17433
-0.11684999999999979
-1.1437400000000002
-0.02602999999999933
-1.3250000000000002
-1.7475899999999989
-6.557600000000001
-1.1642700000000001
-0.1877599999999987
-1.4342000000000001
-1.67905
-5.001751666666666
-6.326270000000001
1.9617699999999982
-0.9938400000000002
-0.8061000000000001
-1.0369000000000002
-0.19073999999999836
-1.6350800000000003
-2.0937
-1.1752600000000002
-5.271979999999999
-6.471990000000003
-1.5998699999999988
-6.94392666666667
-2.0886199999999993
0.28889499999999924
-0.9753000000000006
1.221670000000004
-2.52752
-3.079525000000001
-7.82964
-1.1263700000000003
1.0037700000000003
-1.7786899999999997
-1.6561600000000003
-1.2592500000000004
-1.1246500000000004
-1.9750700000000003
-3.16599
-10.048099999999998
-1.5781900000000002
-1.6327
-1.90903
-1.4669000000000003
-0.28322999999999965
0.9659100000000009
-0.9609900000000001
0.6071900000000001
-0.029990000000000405
0.8232900000000003
-1.43885
-1.8380999999999998
0.8225800000000025
-1.842189999999999
-0.9817500000000001
-1.03126
-0.9773900000000001
-1.2294999999999998
-0.1405299999999987
-6.552789999999999
-1.2524600000000001
-1.136911666666667
-0.5257399999999994
-0.3335300000000012
-4.911445
-1.9929900000000003
-2.12878
-0.20171999999999946
0.24831000000000092
-1.1577
-0.2105899999999996
