0
15700
15500
15700
12900
11500
16200
13800
17000
12100
15300
14900
17200
15300
15900
16500
16100
14600
14500
15000
1500
15700
15500
15500
16900
15300
16100
15700
16800
14700
15800
16200
14200
16300
16500
14700
15400
14400
14000
16300
13600
16300
15100
13800
17300
15400
16400
16700
17400
15600
14600
15700
16100
-500
11800
8100
15300
13300
16600
15700
16500
15800
15900
15000
15200
17500
3800
17100
3600
16300
9500
15500
1700
15800
15400
8900
16300
13900
16600
17300
6500
14900
15900
14500
16200
17200
14300
15800
15500
14300
15700
12900
17800
15800
16200
12800
14800
16700
17800
15700
11600
13500
3200
4500
14400
13900
17600
15900
14800
17000
17400
5700
16400
14900
15900
13700
15100
16300
17900
14200
14500
15500
15300
15600
17600
16400
17400
15300
17000
13600
14700
10000
16600
16800
14100
15900
14500
15000
15100
14400
16600
14600
16200
16200
16500
7800
16600
15300
14200
15500
6700
14700
16300
15800
16000
17300
16200
15000
14200
17100
16300
16200
18200
16900
14600
16000
15200
15200
14600
17300
14500
16000
14100
15400
15800
15500
15200
17000
14600
15000
17000
17800
16400
1300
14800
15500
14900
17300
14900
14500
16000
14500
14000
9700
14400
15300
16400
14100
17000
16100
16800
10100
14200
14500
15900
14400
14400
15100
16000
18200
14000
15400
15300
14400
4600
18500
16800
15000
15000
16800
16200
4200
16200
15300
14200
14500
10600
15100
15700
14300
17100
7500
14200
16600
4900
16000
14700
15900
1600
17400
16600
15700
15100
16100
15200
14900
15300
15700
15400
15000
16600
16900
14500
16700
8700
14400
17400
5900
16600
14800
13600
15100
15400
18300
16600
15700
17200
15100
14000
6500
16000
15300
15800
16000
5200
10700
16100
14800
16900
15300
12500
9600
16000
16200
15000
15200
15800
18100
14600
17100
17100
14400
16100
15900
9100
16100
16000
16000
16800
16300
15900
7500
16000
15800
15100
15300
16300
16200
15700
15500
12300
7300
16300
15400
13500
10300
15100
15100
16500
15500
17100
3600
15700
16300
14700
15300
8300
14800
5700
13600
15700
5600
15600
16500
15400
15400
15700
17900
15000
17500
16200
16600
15100
15600
17000
15600
15700
15500
13100
8100
16100
14700
15600
15400
15500
7000
16500
15000
15300
16300
7400
15300
16500
18100
15800
18800
15300
6800
18000
15800
15800
17000
14300
14400
15000
13600
14900
15000
13800
15500
14900
14300
15400
16100
15100
15100
15000
14700
16600
14500
16400
15500
17100
16400
12700
17000
8300
9200
17000
17500
15300
15600
16900
7000
15500
15200
14900
17400
16600
16900
6600
15900
10000
15800
9500
13600
15200
13200
15400
16300
15600
14900
16300
14300
15300
14900
15600
14600
15500
17900
16100
15700
13900
15400
16300
14900
14900
14000
15600
15700
15500
16300
15700
15600
15000
14600
15900
15500
14900
16400
9800
14500
15300
17700
14400
16100
10200
14500
15500
16600
15200
13400
14600
13500
16500
17000
16400
14900
16900
16100
17400
16900
15700
16900
14800
15700
14700
15500
17100
6000
16600
1700
14700
14500
16200
15400
14400
17800
18800
15700
15400
15000
15500
16200
17400
15900
14900
14400
15900
15700
15600
15600
16300
16600
14200
17100
14900
14800
15100
14300
15700
2300
14600
16200
14600
13900
14200
700
17300
16600
16100
16500
15500
11900
10000
9900
16400
16400
15700
12400
5300
16800
16800
15400
11200
16800
14800
15500
15600
16500
15300
17500
14500
14300
16900
16300
15500
15100
15900
17100
15200
16400
15900
15300
15900
15300
15900
16300
14100
10700
14000
16100
14200
14800
16800
6900
14600
15500
15900
15500
16900
15700
8100
17500
15000
16100
13500
14700
14400
10200
7600
15600
17300
15900
15500
7900
17000
16000
15800
15800
14500
14500
15900
5000
15800
15500
15700
17200
7700
15700
16600
16700
14700
14600
15400
4900
15400
17500
16700
15600
15600
9500
17900
3800
10500
17700
13200
14800
14900
16800
16200
15700
16000
15700
15400
15200
17000
16100
15000
14700
17300
16600
16200
11800
16900
15200
14900
14600
5400
16200
14600
16900
14900
14900
17700
15100
16400
17700
15600
8000
15600
16200
16100
15700
16100
14500
14900
15200
16300
9100
15000
3000
1200
15000
15900
13700
17400
15000
15500
15400
9300
15500
13300
17100
13400
10100
14900
15800
14900
4900
14500
14600
15900
6600
15200
14800
16200
14000
14900
8800
14900
9300
15200
8500
15200
12900
17300
16200
14400
7400
13500
16000
15000
16300
16400
16600
16400
15700
15500
16100
15200
14900
14600
13000
8600
14300
10700
16800
16000
14800
14900
15500
14100
16000
15400
13500
11300
15300
16000
14000
14300
14900
16400
14900
16500
4800
14500
14700
15300
13700
8700
15200
18200
4200
16500
15300
12100
16700
15000
14900
14700
14700
15800
15800
14400
15500
16000
15700
14300
16300
14700
15800
8200
14400
15900
15700
17100
17200
15200
14700
14800
14400
15100
16100
14300
16200
14700
15500
15400
15900
1800
16200
12000
16900
5800
8300
18300
16800
16900
14200
16400
17300
16200
16200
15000
15200
14600
12100
15400
13000
15000
16400
10100
14100
17000
13500
16100
13800
14900
14600
18500
13700
17300
16700
14000
12000
12200
16100
14400
17300
11600
15500
17200
14100
14300
15600
15500
14500
5100
15300
16400
15300
14800
14600
12300
15300
16500
14900
6500
7900
16400
8500
16600
14900
16800
15200
8000
14900
12000
17300
16300
15500
16500
16100
15400
11900
14600
14600
13600
16100
14700
18000
16400
3000
10900
14800
1800
15900
15800
18100
16100
16700
14500
15000
17100
15800
15400
7100
15400
14700
15600
14100
9100
14300
16300
15200
14800
16700
16500
16300
15800
15200
16000
15000
11700
16800
6800
14000
7400
16500
17100
15300
15400
15000
15800
15600
14000
15400
16000
13400
14500
17900
16700
15400
16300
13200
14500
14600
7100
16500
15400
11000
14800
13400
14400
13700
4500
16400
16200
14200
15800
16900
8000
18200
15100
17300
15600
15400
13900
14200
200
14800
16100
15500
14600
15900
15100
17900
16700
14500
16400
15300
15200
15300
13900
5900
16000
15300
13800
16100
15100
14400
15700
15300
16400
14700
15800
15800
16300
17300
13900
9000
15200
14000
14900
14000
14800
16100
15900
9800
15800
15800
13600
14800
11900
15800
16500
15500
16000
15600
16400
14100
16600
15000
14600
3900
15400
16000
14200
15000
15400
13500
2400
15700
14400
13000
16100
5700
14600
12200
13400
14400
14600
16300
15100
13400
8100
14500
14400
18000
16800
11300
11900
16600
17600
15700
15300
15200
16300
16300
15300
15700
17000
15200
15100
7100
15800
7500
2100
16500
14100
15500
14900
15400
15400
15500
6200
15500
15400
15000
16000
15100
16700
16900
18700
15300
15100
15900
14700
14700
15600
15300
15000
8900
10700
14700
15800
15100
14600
15100
8300
15500
2400
14700
16700
17100
16400
16300
15200
15500
8200
18100
12600
2400
15100
15900
16900
16200
15300
16600
14700
15200
6900
14100
15000
15500
15500
15400
14700
1700
15000
15800
14600
15600
15300
7000
14600
16100
16800
6500
14200
15300
13600
6900
14700
16300
14100
15600
17600
18000
13100
14200
16300
12200
13000
15800
16700
14400
15600
15400
14600
15100
15200
12800
17100
15600
15900
16300
15200
15300
15200
15900
14300
15200
14600
14900
15500
15800
15000
15700
15100
16200
12800
15800
800
15100
15700
3300
15000
15100
15700
15200
17200
7500
14600
14400
14200
15000
14600
15800
16200
16000
14600
15500
13700
12000
7800
14200
17200
16700
15000
7100
14500
14400
14900
5800
15000
14800
13500
15700
16300
16700
15200
13700
14700
9600
14100
13000
15800
16800
17200
14700
12700
17400
15000
14800
6000
16700
15300
14500
15300
15800
15000
15800
16700
14900
17100
13900
13900
14900
11400
15900
16000
14700
14800
15900
14100
15400
1200
15000
16900
1900
16400
14700
17200
13300
15000
15100
16800
15800
15900
16100
800
4600
11800
16200
15400
15200
15800
14700
17000
15600
15700
13900
15300
17500
15500
13800
15300
8800
16100
13200
16000
15800
15800
11700
16300
15400
17000
17300
16300
15500
15500
6400
11200
15000
15500
3600
15900
10400
16200
15500
14900
10800
15200
14300
7400
15800
14900
16100
15300
16600
15300
16000
15100
16200
15900
15000
15400
13500
14700
15500
15600
14500
17300
16200
16500
15700
13900
15800
14600
12700
12000
14300
16100
15700
14900
10800
14200
7900
16800
14900
15300
15400
14300
16500
14100
16500
14100
14700
15200
14000
14100
15600
14800
14300
14300
15500
15300
14400
17500
15100
5200
15100
2900
8500
5900
14300
17100
15400
13900
15900
12900
15500
16100
14800
15700
16000
12900
16000
15100
15400
17500
14900
15800
15900
14200
13900
15300
14700
14200
14700
16000
15700
9700
15100
6500
17400
12600
14000
15700
11000
4100
16000
13900
13000
14300
14400
15400
15300
14700
16100
14100
14200
15600
15300
15100
14300
15800
15200
17400
16300
15900
17000
13500
15900
14800
16400
16200
15700
14600
17000
17300
17400
15900
15600
7500
17400
17200
14700
16200
15800
17200
13600
13400
15500
14600
15800
16500
15100
5900
14500
13700
16500
16100
17400
15100
13800
16600
4000
16400
16400
16600
16300
16600
14800
15300
13900
16700
15000
16000
15800
7600
17800
15100
15000
15800
11500
16400
17300
15100
15500
16300
15500
14400
15700
15000
15400
14900
14800
14200
15800
15700
15600
14200
13600
12000
15800
14700
15600
16300
16300
11800
16400
15200
16000
16500
14700
15700
16300
16100
14500
15400
7200
18000
14400
16500
15100
14500
14200
14600
14900
14200
15800
15000
15600
14100
9500
15900
15300
14500
11300
15400
17100
14000
14400
13900
15800
14800
14900
16200
16300
16400
14100
16500
15600
13100
15900
12900
14800
17500
14200
14800
16300
11600
15400
16200
15800
13900
10000
15100
14200
10900
14700
15300
15600
13600
17000
15100
13300
15300
15600
13200
14900
15500
16000
2300
14700
14400
15700
14100
13100
15100
15300
14800
1900
16800
15400
15000
14600
14400
14900
15000
16500
16400
15100
14500
15500
15300
14700
14500
15800
7500
14500
16900
16800
16300
16000
15700
14700
12400
17000
14400
16100
4500
14700
15400
14200
16300
15600
14600
16300
16800
16200
15700
15500
14800
17800
6700
16000
10200
16300
17400
15500
15300
16700
4000
13700
12500
16000
15900
18200
16000
15800
17200
14300
16900
2900
15800
15000
15200
15500
15400
15900
16700
11600
14100
10500
17000
17200
15000
18800
13600
14500
16200
16100
14800
15100
16200
16800
14100
17000
15000
3200
16000
7400
16600
10600
15800
17600
11600
12800
7600
15600
16400
14500
15100
15700
17500
16200
15300
16400
14900
15400
11400
15100
4500
11800
15000
15900
15000
14700
16700
17100
9800
15900
5800
14700
14400
16600
14800
15700
16400
14100
16500
13900
17900
16400
16100
14800
13700
15700
14800
15600
14500
14200
15600
13500
15200
15300
12700
15900
14500
4500
15900
14100
14100
13500
16700
15500
15100
16600
15100
17300
14000
15000
6000
7000
14900
15200
14400
6500
16700
15300
600
14800
16000
15900
14500
16600
15700
14500
14900
4900
16100
14900
16300
14800
14200
15700
10500
9500
11900
15400
7300
15900
1700
14700
10900
16200
15100
17000
16600
600
14700
15000
16400
15200
14700
14800
15000
14200
17400
15700
15600
6000
15600
8000
15900
6600
16100
15100
16700
15900
15700
16600
14600
14400
16900
15500
15000
15900
16800
15500
7000
16400
16100
4300
16000
15800
17100
7500
15300
15900
14500
14600
15000
15000
10000
13300
15400
15500
15900
8000
14100
17200
15300
15000
13300
16100
15900
15600
7600
15200
17000
16100
3000
15100
17100
7700
14000
14900
16400
16700
15700
14900
14500
13600
16200
17000
15500
13200
17100
13900
1900
15600
14200
14600
9100
13900
14600
15500
15400
6900
14400
16400
16700
14900
14100
15200
14400
14700
15200
13300
16000
17100
17100
15500
15700
16200
15000
16100
14900
8100
15900
14200
14800
14600
15700
14200
14800
7600
15300
15700
13700
15100
16500
14400
15100
16200
16200
15100
15400
15300
5800
8600
8800
15900
15600
14100
17500
14200
14000
14200
15700
2500
16400
15500
1400
15300
15000
13900
14600
16300
15800
15100
16400
16400
14500
16100
14000
14400
12900
15000
15500
15100
15800
16100
15400
16600
14400
17400
15700
16100
15000
15100
14200
14900
11100
14000
15000
15500
15100
16300
3800
7000
18200
15100
14300
7600
16100
15300
900
14300
4500
16400
16600
15500
14600
15700
5800
7100
16600
16600
10800
3300
13900
15900
14800
15800
16400
15100
17100
6800
14800
17500
8500
15700
17000
15700
14400
17400
6000
16100
16000
15500
14100
16700
14300
15800
15000
15400
14400
14700
16400
16100
14000
16800
7000
16300
13800
17400
14800
16600
14800
13800
14700
15500
15200
14600
15200
14300
14500
13500
15700
12900
14200
15000
14100
14900
15700
12700
15100
13800
16800
14800
14800
16000
10500
13100
14400
15400
14500
14600
13500
15300
13400
13900
15500
11700
16000
15100
14500
16400
15000
4300
14200
14400
14100
16400
15100
14700
17400
14900
15700
6400
14400
4000
13800
14400
14700
14200
15500
16000
8100
14200
16900
15800
15400
15200
15100
15700
16500
8200
16300
15600
16400
14600
14400
16600
15100
15700
13500
15100
14500
14500
15300
9000
16900
3500
17100
16100
12200
14200
16000
13500
14100
14200
15400
15100
15600
16000
15800
6000
14200
14500
16500
2400
5700
16300
14900
15700
14300
15200
14600
13500
12200
13600
16400
15200
16400
11800
14400
13900
14900
15400
14600
14400
15500
15400
14400
15700
15200
15300
16600
15900
13400
14500
14300
17000
13700
15700
17000
16600
15100
14600
13700
15600
16400
15900
16200
16500
15600
14700
8700
15100
1800
15800
16500
15500
15600
5000
15600
14900
15700
14100
12800
15200
14300
15400
14800
15300
1700
13900
16200
13800
15800
15800
14900
14800
14400
15800
13700
15000
16600
13500
14400
15500
12000
14300
15000
14400
15400
17300
13600
15100
16600
16300
15000
16100
14100
16400
5600
15300
16100
9600
15500
16000
15700
14100
16000
17800
15200
16500
13600
8400
15600
14800
16400
14600
16400
16400
3800
14900
15700
16200
16200
15500
3800
15900
16800
16000
15300
15200
17400
13800
16300
11100
15300
14700
14400
14400
15400
14600
9300
16400
14700
16400
15900
14100
14900
15900
15400
6500
13900
15800
14600
16100
14400
14600
14400
14400
16100
9800
15100
17100
7500
16100
16700
15100
14600
14300
13600
16800
15500
13800
17100
8300
17500
15300
15900
15400
13400
15300
15800
15200
15300
16600
9700
15300
16300
6700
16100
12800
15700
12200
16000
7800
13100
7700
16500
15300
16300
14800
15700
14900
14600
15000
14800
16200
14000
14600
14200
15200
15200
13900
15500
13600
16000
16100
15700
15300
17000
13600
13500
14200
14300
15400
16600
16200
17300
11700
14600
14300
14900
15200
10700
14200
14600
16500
16900
16000
2500
16300
16300
15100
16100
16600
15000
2000
15500
16500
15900
15700
13600
14600
14900
14300
14100
14600
15800
15500
14800
13200
14400
14600
15100
14500
15000
14900
14800
12100
14800
13600
15600
15700
16700
16200
14500
16400
15800
2000
12600
7400
14300
16600
6600
13800
5300
14200
15400
15900
15400
14900
16100
15300
15200
15400
15700
13500
17000
15100
13500
15600
16000
15000
9400
15500
14500
15100
15600
13400
17400
14100
16500
15200
14500
16800
16700
15600
15300
14600
14200
14200
14700
15300
9600
15900
14800
15800
16500
14900
6900
6400
16400
16200
15700
16700
16400
14800
15900
4700
13900
14900
14400
11300
14600
15900
17200
15800
15500
13300
15300
14900
15600
14000
15900
15700
15300
14600
14600
16000
15500
14600
10100
17200
13600
14500
15000
16400
12500
15900
14900
15100
16100
18500
15400
13400
14100
14900
15600
15800
15400
14500
16400
16000
14300
15200
16800
15300
15700
14700
14400
15100
16500
3900
16300
15600
8100
15400
15500
14000
15800
15500
15600
14600
16400
15800
13600
15300
16700
15600
15600
6700
13600
16400
14900
15600
15200
15000
15000
13800
15400
12700
15500
15300
8900
15700
15000
14900
18700
16800
15300
15600
15800
14400
15500
18200
2300
7400
15600
14800
18800
17000
15100
14200
16200
16200
17300
14600
16100
14000
16000
13900
15000
4500
14400
13500
16200
16000
15100
16400
14600
16800
14800
14600
14600
7900
16300
17000
16200
15700
15400
13400
16700
16300
15700
15600
9800
14800
14800
17700
15100
14600
17200
13700
17000
15600
13000
16400
14900
6400
14400
13300
14200
15100
16400
17700
14200
14100
15100
15400
5600
13900
14200
16700
15100
14800
17100
15000
12700
13400
16200
16300
15000
15300
15800
14200
13800
16300
16600
7000
14700
3400
14500
7700
8400
15400
15100
14800
14200
14700
15800
15400
16700
16800
16500
15500
14700
14800
15500
6500
14800
15700
15300
16500
15200
15600
14800
15600
17500
8500
16200
14800
14800
16500
14700
15300
13900
10300
16100
14500
14700
12400
15100
15900
14900
14700
16600
15400
14800
11800
10300
16200
16900
15100
13900
12700
16200
17300
14100
14900
17800
15500
16800
15300
15800
17800
16700
15400
15900
16300
15300
16700
3600
16300
13500
16800
11200
14700
15200
14000
14100
14600
14400
15100
15700
15300
14600
14600
15700
17300
2200
12100
14900
8900
12100
14500
14700
16600
16500
7900
9100
14400
16800
15500
15900
15600
2500
14900
13500
10100
8100
6500
15200
16700
15400
12800
16300
5400
14700
16000
15200
14700
14800
16100
14600
14500
16700
16000
17400
15200
14800
14900
16100
15900
16600
15100
17100
15000
5500
14300
16100
15300
16900
8600
14400
16300
13600
14800
14900
3800
10600
16200
15500
14100
16400
17600
16600
14900
14100
15900
16300
13300
16300
12200
14500
15200
15700
16900
7700
14700
15100
15500
15300
11800
14600
17000
15200
16900
14400
15000
12800
14400
11200
14300
15600
16100
15600
14900
16700
15500
10600
14000
17800
14200
16900
14900
15100
16000
15600
11400
16000
8100
17700
12700
16600
16000
17400
15900
16100
15200
14600
16900
6100
15600
5600
18200
15700
16400
15700
14700
15800
16800
16700
15600
7100
15000
15600
17000
16000
10400
15100
15000
1500
15500
15900
15700
14800
2500
15600
15000
15500
14000
15400
14800
15200
15800
14400
15400
14300
15100
7800
16700
13800
6200
14500
14300
14900
16300
15800
14500
15000
15400
9000
15500
7800
8200
13200
12400
12500
16600
15500
14700
14600
12700
15800
15500
16500
14100
15500
8700
16800
14900
15200
16100
15900
15500
14100
16200
16600
4500
16200
15800
15500
14600
14800
15400
16300
14500
15400
15000
5100
13500
13500
15300
14500
16800
16600
9400
14700
15400
14300
15300
14400
13900
9000
14800
16500
13900
14400
8300
5900
16800
15300
15900
15000
15300
15400
15700
15400
10800
15100
15700
5400
14900
16900
15900
16400
13100
14300
4000
14700
16000
14100
13900
14300
15700
12800
7300
14100
14300
16700
14500
14500
15500
16000
14500
17000
16000
16300
14900
15200
15800
14900
16200
16300
15500
15200
15400
12700
15400
15400
15800
16100
5200
14600
14300
15500
15900
15200
15100
