0
-13.075999999999997
-14.302500000000002
-13.973500000000001
-19.967999999999996
-15.180500000000004
-11.719999999999997
-20.131499999999996
-19.248499999999993
-12.50050000000001
-18.971500000000002
-12.674499999999998
-9.1285
-14.146000000000004
-11.617500000000001
-8.454999999999998
-11.296000000000001
-13.3065
-12.481000000000002
-14.49850000000001
-15.716000000000003
-11.935500000000003
-11.882499999999999
-11.692
-12.917
-21.525000000000002
-20.154
-16.6085
-14.887000000000004
-14.797500000000003
-17.064
-21.098
-13.972999999999999
-11.524000000000001
-13.511999999999999
-19.266500000000004
-9.323500000000001
-12.286000000000001
-16.354999999999997
-15.656499999999996
-13.229500000000005
-25.203000000000007
-20.077000000000005
-19.439999999999998
-12.4085
-21.99900000000001
-12.411
-16.165
-18.40600000000001
-15.049
-17.608999999999998
-16.495000000000005
-9.547500000000005
-22.964500000000008
-12.299499999999998
-10.8235
-11.892000000000003
-27.759999999999998
-22.0855
-13.387999999999998
-18.521000000000008
-17.586500000000004
-10.628999999999994
-24.568999999999996
-13.965500000000002
-19.244000000000007
-16.443500000000007
-15.184
-26.966499999999993
-14.632500000000002
-8.119499999999999
-17.921499999999998
-10.234000000000004
-10.863500000000002
-9.829000000000004
-30.45750000000001
-17.803500000000003
-14.440999999999999
-12.299999999999999
-14.108
-12.8645
-13.172500000000003
-14.118499999999997
-28.243500000000015
-12.8435
-14.363500000000004
-13.859000000000002
-24.48250000000001
-20.0165
-11.733500000000005
-24.4895
-22.795500000000004
-30.45150000000002
-15.600000000000005
-13.426000000000007
-14.264500000000002
-13.8135
-13.884999999999998
-14.193500000000006
-13.892499999999998
-14.4195
-13.659499999999996
-16.080500000000008
-10.155
-12.297
-15.149000000000001
-21.28099999999999
-13.273999999999997
-15.161499999999991
-14.250000000000004
-16.414000000000005
-10.177000000000001
-18.4295
-11.695500000000003
-14.8385
-11.694500000000001
-19.407
-19.513499999999993
-9.524000000000001
-15.372499999999999
-12.438999999999995
-16.541500000000006
-12.681
-13.299000000000007
-16.689500000000002
-15.031499999999994
-20.7195
-10.831499999999998
-11.9495
-14.053500000000003
-11.9745
-15.820500000000001
-16.020500000000006
-10.15
-11.252500000000001
-11.009000000000002
-20.343500000000002
-14.514999999999999
-26.4285
-21.851999999999993
-8.854500000000002
-13.856000000000003
-19.580500000000008
-35.24849999999998
-11.702000000000002
-14.954999999999998
-15.215500000000002
-10.081
-21.283499999999993
-18.415
-15.693
-7.8805
-11.668
-20.544500000000003
-13.458500000000003
-19.9635
-15.558499999999999
-18.730499999999996
-8.267
-12.236000000000002
-18.416
-17.4335
-13.5745
-26.537000000000013
-12.249500000000001
-14.479000000000001
-16.399
-31.99800000000002
-16.6235
-18.253499999999995
-11.740499999999999
-14.154500000000004
-23.241000000000007
-19.882999999999996
-19.101999999999993
-17.6975
-14.252500000000003
-11.934499999999998
-15.967499999999998
-18.358500000000006
-13.150000000000006
-19.48250000000001
-13.208000000000002
-16.256999999999998
-9.850499999999998
-15.797500000000005
-11.442999999999996
-16.16000000000001
-21.568499999999997
-25.4475
-11.442500000000003
-16.555999999999997
-15.787499999999998
-14.111499999999998
-18.975500000000004
-18.028499999999994
-19.12799999999999
-15.605499999999997
-18.8505
-18.764499999999998
-12.347000000000005
-14.396500000000001
-19.517000000000003
-16.414
-12.845000000000006
-10.738500000000004
-15.5145
-17.834000000000007
-13.778999999999998
-18.046999999999997
-11.222499999999997
-13.836000000000002
-19.3185
-19.912
-7.7585
-16.2295
-16.5295
-27.000000000000007
-17.420999999999996
-12.476
-13.280499999999998
-15.024
-29.153500000000005
-9.721500000000002
-9.5955
-25.51
-19.195499999999996
-23.715500000000002
-11.201500000000003
-16.624499999999998
-12.8295
-17.81650000000001
-18.448000000000004
-11.053500000000001
-18.037500000000005
-15.798
-13.0555
-10.601000000000004
-17.6575
-16.775000000000006
-11.6595
-9.512999999999998
-15.057000000000004
-16.059500000000007
-28.325500000000005
-17.95600000000001
-19.80049999999999
-11.727999999999996
-14.369999999999997
-24.62449999999999
-14.956000000000007
-23.481999999999996
-11.376
-26.6895
-11.508999999999999
-12.716500000000003
-11.411000000000003
-19.482499999999998
-16.1935
-13.976500000000001
-20.40000000000001
-14.372
-24.15050000000001
-20.108500000000006
-15.534999999999993
-14.903499999999998
-23.195999999999987
-13.014999999999997
-15.651499999999999
-9.910000000000004
-18.252500000000005
-14.258000000000003
-12.132500000000002
-11.132
-18.043499999999995
-10.616500000000002
-23.27799999999999
-17.7875
-15.230500000000001
-14.079499999999996
-16.2175
-13.116500000000002
-12.467
-25.277999999999988
-17.092499999999998
-18.64700000000001
-22.057000000000016
-18.245
-13.880999999999997
-18.726
-14.839999999999996
-22.336000000000013
-19.523000000000003
-32.693
-9.122
-21.579500000000003
-19.76500000000001
-20.27200000000001
-17.928500000000007
-16.96149999999999
-20.643000000000004
-12.812
-13.272000000000004
-13.9115
-23.942000000000004
-14.793499999999995
-14.588000000000001
-17.031999999999993
-11.947500000000002
-14.9175
-16.608999999999995
-16.3615
-18.461500000000004
-15.715999999999998
-16.444499999999998
-19.1655
-14.992500000000003
-25.473500000000005
-21.573999999999998
-15.625499999999992
-16.9385
-25.341000000000005
-9.5295
-29.685500000000015
-16.658499999999993
-12.612
-10.994
-30.831499999999984
-22.596499999999992
-11.058000000000005
-13.66
-20.676999999999996
-17.522000000000002
-11.3055
-12.115000000000006
-18.812499999999996
-22.016000000000012
-17.6845
-23.4975
-11.505500000000005
-14.961499999999994
-12.192500000000003
-17.067999999999998
-12.899000000000001
-19.288499999999996
-17.889000000000003
-17.44
-22.92049999999999
-14.791500000000003
-27.65000000000001
-10.833000000000004
-11.267
-12.542500000000004
-22.023500000000006
-20.465500000000002
-22.189999999999994
-21.286499999999993
-11.745499999999996
-16.555000000000007
-13.1855
-18.9945
-20.5345
-18.442999999999994
-15.464500000000001
-34.384499999999996
-15.295500000000004
-18.7105
-14.542499999999999
-15.133999999999999
-17.559
-18.143500000000003
-18.577
-21.702499999999997
-13.141
-13.509
-21.9875
-22.116999999999994
-22.037500000000005
-13.499499999999998
-14.4885
-29.265500000000003
-10.542
-13.873500000000002
-24.219500000000007
-14.166000000000006
-12.916
-14.58800000000001
-19.706499999999995
-21.046000000000006
-18.63950000000001
-20.460999999999995
-14.186999999999998
-22.57800000000001
-14.566499999999994
-15.304999999999998
-12.004
-17.696500000000004
-21.6905
-15.042
-16.4995
-22.575000000000014
-12.2355
-16.307500000000005
-9.699000000000003
-24.027999999999995
-12.803000000000003
-15.395500000000007
-20.053
-22.75900000000001
-15.199500000000002
-24.087500000000002
-9.5
-38.62499999999999
-15.473000000000003
-29.8825
-15.03
-18.978499999999997
-20.248499999999993
-17.846999999999994
-11.405499999999998
-15.357499999999998
-14.848499999999996
-29.122
-17.628000000000007
-12.11449999999999
-20.641500000000004
-10.7225
-13.902000000000001
-32.88750000000001
-15.216500000000002
-18.616000000000003
-14.089000000000002
-36.09500000000001
-13.431500000000002
-22.192500000000003
-19.02600000000001
-15.148499999999999
-10.4075
-24.589999999999996
-25.041999999999998
-11.061000000000002
-15.5705
-15.596499999999997
-13.658
-23.493000000000002
-14.088000000000001
-11.607000000000003
-20.874499999999998
-15.186999999999998
-12.566999999999997
-18.311000000000007
-15.942
-19.998
-18.474500000000003
-18.894499999999997
-13.601499999999998
-18.197
-20.945000000000004
-22.452999999999992
-17.2665
-34.727999999999994
-24.28000000000002
-22.052999999999997
-12.403
-15.323000000000002
-15.202499999999997
-19.21100000000001
-21.61499999999999
-20.14750000000001
-11.316000000000004
-32.907500000000034
-23.793999999999993
-13.010000000000002
-21.028999999999986
-16.728499999999997
-24.937500000000004
-16.402500000000003
-36.26999999999998
-13.1065
-10.669999999999995
-18.0375
-23.178499999999996
-13.492500000000001
-21.444499999999994
-20.37699999999999
-13.1195
-22.724999999999994
-11.254000000000003
-16.769999999999996
-23.363500000000005
-15.120000000000003
-31.239999999999988
-15.108499999999996
-16.506999999999998
-17.375000000000004
-22.856
-28.33099999999999
-18.477
-17.119500000000002
-16.84
-11.915499999999998
-14.792499999999999
-18.856499999999986
-19.677
-12.7185
-10.657000000000005
-20.355500000000003
-17.25150000000001
-21.37200000000001
-14.822500000000007
-15.475500000000006
-12.192
-15.825999999999999
-23.1935
-15.959999999999999
-14.366499999999995
-15.588000000000003
-14.068999999999999
-21.945500000000003
-25.925000000000015
-15.127500000000005
-14.928499999999998
-23.291500000000003
-31.498500000000025
-24.49250000000001
-17.000499999999995
-14.574500000000004
-17.0085
-29.787000000000006
-14.206999999999997
-19.484
-14.307
-19.821500000000004
-17.628000000000004
-17.793499999999998
-17.079499999999996
-16.781
-12.012500000000003
-25.302999999999983
-13.348499999999998
-12.746500000000005
-10.357999999999999
-28.189000000000004
-18.93299999999999
-23.239499999999992
-19.539999999999996
-14.719499999999998
-8.9985
-17.923500000000004
-20.82050000000001
-11.901999999999997
-11.494500000000002
-17.458000000000002
-25.317500000000006
-26.49250000000002
-18.2885
-11.989
-16.008
-9.855999999999996
-24.9115
-11.588500000000003
-14.646499999999998
-17.913000000000004
-23.8995
-9.520999999999999
-16.396499999999996
-18.3665
-16.6185
-13.796000000000001
-21.350500000000007
-20.252499999999987
-9.293999999999999
-17.279
-21.171999999999997
-14.776500000000002
-9.2995
-14.7265
-22.62900000000001
-18.313000000000006
-10.799999999999999
-10.2905
-19.788500000000006
-12.927000000000007
-15.716000000000003
-20.952500000000004
-13.723499999999996
-17.93700000000001
-13.626500000000002
-13.199499999999999
-12.084000000000001
-15.866000000000001
-12.580500000000002
-26.948999999999995
-26.159999999999997
-19.152500000000003
-14.659500000000001
-20.75500000000001
-11.952999999999998
-14.159999999999998
-15.815000000000001
-16.7895
-9.074500000000002
-12.312
-14.994
-17.965
-13.8535
-12.640999999999998
-19.763000000000005
-11.294000000000006
-21.694000000000006
-20.006500000000006
-18.018500000000003
-11.666000000000006
-16.2845
-21.6115
-24.20799999999999
-17.383
-10.3835
-14.044500000000006
-13.850000000000003
-13.9365
-31.15950000000001
-18.389000000000006
-14.8045
-17.644000000000013
-17.227000000000004
-21.38299999999998
-24.87699999999999
-23.73000000000001
-9.090499999999999
-13.856500000000002
-11.670000000000005
-15.188000000000008
-15.916499999999997
-15.752500000000001
-27.188500000000005
-21.366499999999995
-26.5785
-20.36399999999999
-11.8335
-16.991500000000002
-15.68950000000001
-11.9215
-11.5715
-23.53750000000001
-12.295500000000002
-17.243500000000004
-14.846500000000002
-26.219000000000005
-19.339000000000006
-14.717000000000002
-16.102
-41.08299999999998
-16.309500000000007
-16.546
-13.446499999999997
-15.6055
-13.103999999999996
-13.6845
-14.970500000000001
-17.603499999999993
-13.096
-21.387
-23.558500000000002
-16.549000000000003
-11.191000000000006
-16.7035
-11.669000000000002
-23.7445
-23.311499999999995
-18.921
-14.302000000000003
-23.65950000000001
-24.357499999999995
-22.58600000000001
-19.856500000000008
-15.7205
-30.019
-24.419500000000006
-15.562999999999999
-15.071999999999994
-16.727999999999998
-10.467
-20.67849999999999
-10.915
-12.554999999999998
-19.364500000000003
-23.23299999999999
-15.895499999999998
-25.378000000000004
-23.33
-19.471500000000006
-18.961500000000008
-15.701500000000003
-16.7545
-15.122499999999997
-13.783500000000005
-12.05
-33.6155
-16.570500000000003
-31.582
-21.0535
-20.1455
-12.7105
-34.91
-20.487000000000002
-24.4395
-31.087000000000003
-31.642000000000014
-21.674000000000003
-19.930500000000002
-13.400000000000002
-20.109499999999997
-22.72249999999999
-14.910499999999997
-13.987500000000004
-22.10150000000001
-12.303000000000004
-14.429499999999996
-14.912000000000004
-19.98400000000001
-16.3435
-22.59049999999999
-14.806500000000002
-16.397000000000006
-19.134000000000007
-13.9685
-24.514499999999995
-18.723000000000006
-16.845999999999997
-20.116500000000002
-21.059499999999996
-26.992999999999995
-15.253999999999998
-12.936500000000002
-29.21749999999998
-13.1925
-16.1685
-17.595499999999994
-25.30299999999999
-21.389000000000003
-26.823999999999984
-14.642999999999999
-14.148000000000003
-15.427000000000001
-14.082499999999998
-14.015000000000002
-15.324500000000002
-18.576000000000008
-32.87349999999999
-30.51900000000001
-21.336500000000004
-28.309500000000018
-26.936999999999998
-24.920499999999997
-13.425
-14.037500000000001
-10.524999999999999
-15.949499999999995
-22.55700000000001
-21.157500000000017
-35.07600000000001
-25.279500000000002
-13.934999999999995
-25.5635
-20.226
-28.939500000000002
-20.791499999999996
-14.084499999999998
-34.594000000000015
-17.644999999999996
-35.95300000000001
-13.348000000000003
-21.288999999999998
-20.756000000000004
-26.377000000000006
-18.1865
-19.191
-14.743499999999997
-19.999999999999993
-18.459000000000007
-12.074999999999998
-9.583
-30.470999999999997
-18.683500000000002
-22.450499999999987
-16.320999999999998
-13.5385
-15.012999999999998
-23.159500000000012
-36.06999999999999
-12.993500000000003
-15.283500000000004
-10.945499999999997
-20.055500000000002
-15.404999999999998
-17.132000000000005
-21.685999999999996
-27.878500000000006
-14.722499999999998
-15.969499999999993
-15.563500000000007
-12.2045
-13.955000000000004
-22.38400000000001
-18.078500000000005
-23.276999999999997
-25.748500000000007
-21.755999999999982
-16.939500000000002
-17.944
-19.943
-13.9485
-19.939
-31.875
-15.692500000000003
-21.02999999999999
-15.150999999999998
-23.61250000000001
-12.572999999999999
-19.843000000000004
-16.998500000000007
-27.145500000000013
-21.369000000000003
-19.07600000000001
-14.021
-16.463
-22.374499999999998
-26.714000000000016
-29.47849999999999
-18.71100000000001
-10.8515
-20.976000000000006
-15.210500000000001
-11.890000000000006
-21.557000000000006
-21.634999999999998
-20.583499999999994
-14.682500000000008
-11.967000000000004
-37.30900000000004
-17.989
-23.104500000000005
-15.3695
-13.684500000000005
-16.691000000000003
-14.747999999999996
-18.2965
-26.0135
-15.060499999999994
-13.960000000000004
-27.74599999999999
-22.014999999999997
-32.72550000000001
-14.936499999999997
-26.5535
-19.465000000000003
-25.645999999999994
-24.743000000000002
-22.249000000000002
-23.121000000000016
-17.956999999999997
-11.686
-14.058999999999997
-16.870000000000005
-26.465500000000006
-28.192499999999995
-33.99550000000001
-13.736500000000003
-19.09050000000001
-13.435500000000001
-16.960499999999996
-13.983500000000005
-13.647000000000006
-13.961999999999996
-29.97650000000001
-11.998
-14.996999999999996
-20.525
-14.965500000000004
-26.77
-18.9285
-23.335
-22.674500000000005
-23.31750000000001
-25.163500000000003
-15.3335
-25.633499999999994
-15.103
-29.371000000000002
-16.311500000000006
-12.5255
-22.4965
-12.8945
-19.525000000000006
-22.412000000000003
-17.5675
-23.435499999999998
-14.021000000000003
-14.794000000000002
-19.613500000000016
-32.294
-32.429500000000004
-17.981500000000004
-25.482500000000016
-12.068999999999999
-13.651500000000004
-19.1765
-16.062499999999993
-18.795500000000004
-15.360000000000003
-16.089
-21.269499999999994
-22.2515
-24.95149999999998
-14.418000000000003
-13.411
-32.6615
-22.607500000000012
-17.6535
-18.478000000000005
-25.681499999999996
-13.437999999999999
-13.840000000000002
-35.77
-15.961000000000002
-20.268499999999996
-11.209000000000001
-17.008000000000003
-17.9395
-24.6055
-31.458499999999997
-24.242999999999995
-16.016500000000008
-14.972500000000002
-20.45
-21.985
-12.097999999999999
-18.368499999999997
-17.267
-14.384999999999994
-12.608
-9.206000000000001
-29.315500000000004
-20.402499999999993
-28.9545
-27.954500000000007
-10.506499999999997
-30.65900000000001
-22.82299999999999
-14.348000000000003
-18.424500000000005
-18.833
-16.4365
-10.754000000000003
-28.05099999999999
-11.197000000000001
-14.535999999999998
-15.933500000000004
-20.57299999999999
-18.422500000000007
-22.21999999999999
-16.573499999999996
-21.352
-13.012999999999998
-32.877500000000005
-14.299
-15.964000000000002
-30.849999999999984
-16.488499999999995
-19.438500000000005
-15.673499999999995
-31.83100000000001
-30.57099999999999
-18.4585
-10.581999999999999
-20.564999999999994
-21.337500000000002
-21.46899999999999
-15.7995
-23.246500000000005
-17.6645
-19.011000000000003
-26.943500000000004
-19.7585
-18.53049999999999
-25.794500000000014
-30.531500000000015
-20.263499999999993
-15.243500000000004
-19.4035
-19.389999999999997
-25.847500000000007
-13.921000000000001
-20.851499999999998
-27.956999999999997
-25.08949999999999
-27.80699999999998
-21.0605
-22.48899999999999
-18.020999999999994
-22.699999999999996
-17.4815
-18.493499999999997
-16.4595
-25.594000000000012
-17.516500000000008
-13.464500000000005
-20.638499999999993
-23.0195
-32.59449999999998
-16.036
-13.477499999999994
-29.632999999999996
-28.733999999999995
-29.154000000000007
-12.797000000000004
-15.813
-27.835000000000008
-18.743500000000008
-13.016000000000002
-12.5975
-34.95750000000002
-17.158500000000004
-22.680999999999976
-13.329500000000001
-13.812500000000002
-13.350999999999999
-30.1645
-35.44900000000001
-14.302500000000004
-21.768499999999992
-12.659999999999998
-13.349000000000002
-15.126500000000004
-21.755
-21.703500000000005
-18.889999999999993
-16.233500000000003
-23.160499999999992
-17.531
-15.600000000000007
-10.385499999999999
-19.647
-22.01200000000001
-25.579499999999996
-35.01300000000003
-17.762999999999998
-14.128500000000004
-15.4965
-13.593
-16.838499999999996
-11.770499999999998
-34.067
-15.013500000000002
-39.3565
-21.4
-17.793000000000003
-14.270999999999997
-13.602500000000001
-13.575999999999999
-9.378000000000004
-15.055500000000002
-16.054499999999997
-29.150999999999996
-30.227
-24.553500000000003
-25.70399999999999
-26.903000000000002
-13.653000000000004
-14.939999999999992
-26.229999999999997
-25.06949999999999
-24.20749999999999
-20.412000000000003
-18.802000000000003
-15.659500000000001
-20.664499999999997
-18.871999999999996
-18.096000000000004
-34.27250000000001
-34.55550000000002
-22.17349999999999
-14.738000000000005
-25.345999999999993
-14.660999999999994
-17.57450000000001
-25.102499999999985
-19.1845
-17.184500000000007
-19.924500000000005
-28.544500000000006
-26.392
-16.03050000000001
-20.982999999999997
-19.177500000000006
-24.198000000000008
-29.85400000000002
-25.76499999999999
-15.341500000000002
-29.50250000000001
-26.74400000000001
-19.3595
-29.69800000000001
-16.373500000000003
-32.86299999999999
-18.456999999999997
-21.184999999999985
-30.274000000000015
-22.061999999999994
-32.68900000000002
-23.63099999999999
-12.465500000000008
-9.6645
-27.124999999999996
-19.9665
-19.586000000000006
-29.16550000000001
-14.158999999999997
-10.926499999999995
-15.851
-32.732500000000016
-19.5115
-28.063499999999998
-26.549499999999995
-24.008999999999997
-19.385499999999997
-15.876500000000007
-12.290499999999998
-12.845499999999996
-19.439500000000006
-16.585000000000008
-23.218000000000007
-16.033000000000005
-11.507
-21.404000000000014
-22.683
-33.085000000000015
-24.869
-15.325000000000005
-11.850000000000001
-18.818000000000005
-23.759000000000004
-17.366999999999997
-20.537500000000005
-21.672500000000003
-27.285499999999992
-15.652500000000003
-16.256999999999998
-12.051499999999997
-23.7005
-20.332499999999992
-11.3225
-22.00049999999999
-18.22700000000001
-27.118999999999996
-18.581
-14.298999999999994
-34.35249999999999
-19.235
-27.81700000000001
-13.790500000000005
-18.268
-25.779999999999998
-19.081
-11.9445
-17.334000000000003
-12.203000000000003
-16.0355
-16.749500000000005
-12.669999999999998
-24.964499999999994
-24.409999999999993
-36.51750000000001
-28.276
-15.759500000000001
-23.803500000000007
-14.356000000000005
-15.7085
-18.7035
-12.708
-20.250999999999998
-17.119
-14.185500000000005
-26.752000000000002
-14.269
-16.286500000000004
-27.879000000000005
-18.827999999999996
-17.0605
-22.718500000000002
-17.819
-13.389000000000003
-20.949999999999996
-15.079
-14.496000000000002
-16.21050000000001
-20.351999999999997
-24.19150000000001
-21.787000000000003
-22.421999999999997
-10.347499999999998
-14.145999999999997
-19.238000000000003
-27.530499999999993
-10.018999999999997
-15.523000000000003
-27.052000000000007
-15.1515
-16.993999999999993
-12.868499999999997
-22.97900000000001
-15.906500000000003
-24.241999999999994
-18.018500000000003
-23.464000000000006
-26.734499999999997
-20.549500000000005
-12.2785
-13.834500000000006
-28.657500000000013
-28.46849999999999
-17.134500000000006
-23.78150000000001
-23.477
-30.752499999999984
-23.897999999999996
-15.970999999999998
-16.988000000000017
-19.442
-18.479999999999997
-16.1755
-17.008500000000005
-33.5815
-34.06400000000001
-16.394000000000005
-35.551
-32.503499999999995
-16.138499999999997
-27.806999999999988
-22.4795
-22.364500000000003
-18.288999999999994
-14.214999999999996
-22.3035
-30.448999999999987
-31.256999999999994
-24.13649999999999
-14.546999999999999
-17.3945
-24.674000000000003
-19.501000000000005
-31.738000000000003
-23.50800000000001
-16.459999999999994
-14.805
-17.9695
-29.445000000000004
-16.270500000000002
-24.560000000000006
-23.164000000000005
-18.001499999999997
-11.3965
-16.473
-16.890499999999996
-18.39
-22.1295
-25.566000000000017
-28.056000000000008
-38.986500000000035
-17.229000000000006
-21.862000000000005
-26.907499999999995
-16.552500000000002
-14.739499999999998
-23.022499999999994
-17.6165
-23.33100000000002
-27.49200000000001
-34.93
-13.038999999999996
-20.372500000000002
-12.182499999999997
-20.173500000000008
-19.3375
-18.098500000000012
-12.7935
-12.401000000000005
-16.6705
-15.060000000000006
-15.422499999999992
-18.8995
-39.03050000000001
-17.524999999999995
-32.986999999999995
-24.985000000000017
-21.916999999999994
-14.044499999999998
-33.4055
-24.398500000000002
-21.240500000000008
-15.371000000000004
-24.388500000000008
-25.417500000000008
-12.923499999999999
-19.380500000000005
-27.235500000000002
-21.83449999999999
-13.728000000000003
-25.845499999999994
-33.63149999999999
-19.046499999999998
-31.3555
-21.85599999999999
-22.961
-21.163500000000003
-16.026500000000006
-29.751000000000023
-14.287500000000005
-19.13900000000001
-11.660000000000002
-22.567999999999998
-16.157500000000002
-21.698000000000004
-26.471499999999992
-19.270500000000006
-11.402999999999997
-28.73599999999998
-15.729999999999997
-16.444000000000003
-16.113500000000002
-23.613000000000007
-17.066500000000005
-16.432000000000006
-16.1085
-13.972
-28.61200000000001
-17.45
-17.6155
-18.63650000000001
-29.798499999999994
-13.335500000000001
-18.8455
-15.219999999999995
-16.480500000000006
-23.0835
-27.695999999999994
-19.0405
-25.54300000000001
-16.987999999999996
-28.59350000000002
-17.112500000000004
-24.078000000000007
-25.374
-19.205
-16.006
-29.306499999999996
-32.36849999999998
-19.277499999999993
-13.185500000000003
-29.888000000000005
-24.18450000000001
-48.313499999999976
-21.020499999999995
-33.9305
-14.2875
-20.641499999999994
-12.238499999999998
-23.138000000000005
-23.07849999999999
-18.790999999999997
-28.195000000000018
-30.530999999999995
-27.693500000000018
-26.566
-12.538499999999999
-27.761499999999995
-36.42299999999998
-13.508999999999997
-26.817000000000007
-17.522500000000004
-8.869000000000003
-38.69800000000001
-24.797500000000003
-26.792499999999993
-30.888000000000034
-14.897500000000003
-36.585499999999975
-24.23750000000001
-20.350999999999996
-15.971500000000006
-32.32050000000001
-26.192
-22.446500000000004
-17.482000000000003
-27.225000000000005
-18.807999999999993
-22.424000000000007
-17.1665
-13.575499999999998
-29.858500000000003
-19.566999999999993
-23.2755
-30.260999999999992
-16.2665
-16.553000000000004
-19.854499999999994
-27.106499999999983
-20.7155
-20.746500000000008
-22.06149999999999
-19.531499999999998
-18.6195
-27.018500000000003
-33.374000000000024
-36.23250000000003
-19.891999999999992
-14.0795
-14.909999999999998
-29.515000000000008
-16.427
-22.814000000000004
-23.017999999999994
-13.563000000000002
-17.885499999999997
-29.509499999999978
-31.29449999999998
-18.983999999999995
-35.214999999999996
-19.09749999999999
-22.249499999999994
-18.269500000000008
-12.817500000000003
-30.654499999999995
-23.686500000000017
-19.341999999999995
-38.21149999999998
-25.875499999999995
-32.65550000000001
-29.113500000000002
-16.76599999999999
-11.196499999999999
-13.585000000000004
-12.208
-12.551000000000002
-14.675499999999998
-16.668000000000006
-32.74250000000003
-24.169499999999996
-37.84800000000001
-22.0375
-20.172000000000008
-19.197499999999998
-25.385000000000012
-21.675000000000004
-29.688999999999993
-16.9985
-33.3665
-18.946
-32.37599999999998
-22.904
-22.456999999999994
-15.853000000000003
-20.655499999999996
-24.355499999999992
-16.37149999999999
-25.386499999999977
-31.108999999999995
-20.170999999999985
-26.075000000000006
-15.647499999999997
-21.999000000000006
-15.884500000000001
-27.906000000000017
-33.82449999999999
-17.546499999999998
-20.6385
-16.885500000000004
-35.14399999999999
-18.774
-29.6895
-15.164500000000004
-14.424000000000003
-19.916999999999994
-24.226999999999993
-16.98150000000001
-16.305
-27.118999999999993
-21.77599999999999
-29.200500000000012
-26.660000000000004
-30.720000000000013
-22.826999999999995
-12.955000000000002
-35.16349999999999
-30.270000000000003
-20.36800000000001
-22.522
-29.782000000000004
-14.037499999999993
-38.206
-41.36299999999999
-20.346499999999995
-23.392999999999986
-33.405
-26.17600000000001
-20.511000000000003
-36.72150000000002
-25.728499999999986
-30.067500000000024
-17.85999999999999
-27.476499999999998
-19.367500000000007
-25.052500000000002
-25.60799999999999
-21.451
-16.03450000000001
-20.399000000000004
-20.457499999999992
-23.5475
-20.868999999999996
-15.634500000000003
-18.009
-26.324
-17.462500000000006
-25.022500000000008
-25.49399999999999
-35.63800000000001
-34.70899999999996
-13.136999999999999
-28.2795
-9.681500000000003
-20.24950000000001
-17.1525
-18.885000000000005
-21.162500000000005
-14.9125
-12.497
-12.4335
-11.405
-27.458
-18.958000000000002
-18.31300000000001
-16.118000000000002
-15.256499999999996
-30.817500000000006
-18.261500000000005
-14.920499999999997
-20.608499999999996
-25.489999999999995
-14.325999999999999
-17.049500000000005
-31.249999999999996
-33.881499999999996
-21.577499999999997
-16.182000000000002
-12.0655
-25.174999999999997
-21.41700000000001
-36.183500000000016
-20.899500000000003
-20.227999999999998
-37.67150000000003
-35.55550000000001
-18.3735
-22.74250000000001
-22.994500000000006
-33.628499999999974
-10.3375
-16.271
-19.146000000000004
-22.085500000000017
-21.2645
-20.6065
-26.314500000000002
-20.290500000000012
-31.612500000000008
-25.876000000000012
-14.925500000000003
-13.071
-17.456000000000003
-26.369500000000002
-20.402499999999993
-16.542500000000004
-22.462500000000016
-18.783500000000007
-17.325500000000012
-13.959500000000004
-25.148
-29.925000000000004
-28.906000000000006
-30.471999999999998
-21.27250000000001
-12.978499999999999
-27.38750000000001
-29.648000000000007
-32.069499999999984
-29.356999999999985
-14.650500000000001
-18.408500000000004
-21.179999999999993
-13.866499999999998
-22.29249999999999
-12.09
-19.45350000000001
-24.308500000000006
-21.881499999999996
-36.906499999999994
-20.98500000000001
-17.6165
-32.72950000000003
-20.328500000000005
-17.598999999999997
-21.164
-17.907500000000006
-13.816999999999995
-30.39800000000001
-27.431500000000003
-29.10099999999998
-28.733499999999985
-25.570499999999996
-25.082
-21.499000000000006
-17.848499999999994
-13.151000000000002
-17.784999999999997
-31.552999999999997
-20.420999999999996
-19.9635
-20.42550000000001
-19.919999999999998
-40.11550000000003
-12.113000000000003
-20.768000000000008
-24.216500000000003
-25.226000000000013
-23.465000000000003
-17.340000000000003
-17.107499999999995
-12.688000000000002
-25.878500000000006
-22.234500000000004
-25.49950000000001
-25.637499999999985
-33.84250000000001
-26.252
-15.799500000000007
-11.260000000000002
-18.44099999999999
-33.41050000000002
-20.687000000000005
-23.271499999999993
-29.004500000000018
-15.500999999999998
-14.722000000000001
-22.4085
-19.333499999999994
-21.29900000000001
-19.623
-20.277499999999996
-27.78850000000001
-29.10350000000001
-35.73850000000001
-20.202000000000005
-32.52250000000001
-34.23149999999998
-18.349500000000006
-16.82
-30.841999999999988
-17.304500000000004
-38.07050000000001
-19.238500000000005
-24.763499999999993
-18.289
-16.160000000000004
-35.21550000000001
-30.70250000000002
-24.249500000000005
-18.0595
-19.976499999999998
-16.811500000000002
-13.217500000000006
-33.937
-27.68499999999999
-21.008000000000003
-19.41850000000001
-24.945999999999987
-13.587500000000004
-18.352500000000003
-14.992499999999996
-18.216
-19.843500000000002
-30.8405
-24.46550000000002
-18.525499999999997
-15.423
-31.192499999999978
-21.198500000000006
-12.440000000000001
-21.357500000000012
-18.389000000000006
-21.287500000000005
-36.437000000000005
-12.555999999999996
-18.407999999999994
-21.20650000000001
-22.516500000000004
-18.520000000000003
-25.165000000000006
-26.364499999999996
-19.547
-22.576000000000004
-34.51750000000001
-23.486499999999996
-21.845499999999983
-27.884999999999998
-24.711000000000002
-30.223000000000013
-22.60999999999999
-14.349000000000002
-19.682999999999996
-21.831999999999997
-17.408999999999995
-26.93400000000001
-26.815999999999995
-23.374
-13.456500000000002
-17.98349999999999
-33.35849999999999
-27.87850000000001
-16.982999999999997
-18.954
-17.384999999999998
-26.03
-20.996500000000015
-17.061999999999998
-36.55449999999999
-16.79200000000001
-17.141999999999996
-13.100999999999999
-21.275499999999994
-18.69750000000001
-32.96650000000001
-14.621000000000002
-24.614499999999992
-23.590500000000002
-21.572500000000005
-21.823999999999995
-19.808500000000006
-15.775500000000001
-17.799000000000003
-19.947499999999994
-22.720500000000005
-19.401500000000002
-25.494999999999994
-31.450499999999995
-20.0215
-33.57349999999998
-29.5965
-33.786999999999985
-18.7065
-29.168
-22.078000000000003
-20.509
-24.414000000000005
-33.38800000000002
-17.059500000000003
-19.711000000000006
-26.113999999999976
-31.79099999999999
-25.558499999999995
-17.583000000000006
-12.125500000000004
-25.76700000000002
-23.3625
-14.132500000000002
-18.989500000000003
-35.3095
-39.52700000000002
-13.773500000000004
-21.868000000000006
-13.911499999999998
-24.537999999999997
-14.093999999999996
-22.398000000000003
-18.87
-18.118000000000006
-22.446500000000018
-27.36150000000001
-31.86000000000001
-24.801499999999987
-36.36899999999999
-24.122000000000003
-21.9815
-31.871999999999996
-36.31849999999998
-19.637999999999998
-29.441499999999998
-34.802499999999995
-28.18300000000001
-31.479
-22.570999999999994
-15.182500000000003
-22.337999999999997
-13.147499999999997
-16.681000000000004
-32.24750000000002
-23.15550000000001
-21.674500000000002
-33.2955
-21.678
-26.784499999999984
-29.189500000000006
-18.503499999999995
-21.021999999999995
-24.205000000000005
-22.1985
-26.846499999999995
-25.919000000000008
-29.347500000000004
-26.871000000000013
-30.59199999999999
-27.098999999999997
-28.99699999999999
-16.308999999999997
-15.557500000000001
-17.968500000000002
-16.444500000000005
-20.304000000000006
-20.276500000000002
-33.27550000000001
-24.386000000000006
-16.376500000000004
-29.563999999999993
-23.777999999999977
-24.8445
-25.071499999999993
-19.623
-18.557000000000006
-20.669000000000008
-25.299999999999994
-18.42
-18.388
-16.361999999999995
-33.00349999999998
-31.287000000000006
-17.378999999999998
-22.983000000000004
-32.1495
-21.697000000000006
-29.15299999999998
-20.777500000000003
-26.470999999999997
-19.701500000000006
-15.1555
-36.10299999999999
-21.491000000000003
-34.13200000000002
-24.595000000000006
-21.35949999999999
-14.260000000000002
-23.973999999999997
-36.3415
-23.046
-15.866500000000002
-18.2395
-22.628000000000004
-12.917
-22.552999999999997
-30.54999999999999
-38.46850000000002
-16.4285
-34.057500000000005
-17.5555
-29.537000000000003
-17.195500000000003
-33.36
-20.215000000000003
-17.308500000000006
-19.833500000000008
-20.494500000000002
-12.835499999999998
-17.261999999999993
-16.065000000000012
-23.24599999999999
-25.09
-15.311000000000005
-25.538500000000003
-34.525
-13.630000000000006
-35.29100000000002
-32.29300000000001
-29.2865
-16.286499999999997
-22.530499999999993
-22.3285
-28.9735
-21.879499999999982
-22.72150000000002
-30.553500000000007
-27.110500000000012
-22.98900000000001
-30.604000000000006
-21.714499999999997
-12.038999999999998
-25.637999999999998
-12.921000000000001
-26.273000000000007
-30.7135
-34.391999999999996
-20.6485
-21.5695
-14.901999999999997
-20.767500000000002
-28.10999999999998
-25.991999999999997
-30.739999999999988
-21.70199999999999
-15.216000000000001
-28.311
-22.347000000000005
-20.160499999999995
-24.918
-23.66399999999999
-35.27850000000001
-35.820999999999984
-28.566000000000006
-18.3275
-27.172500000000003
-27.185000000000006
-25.646000000000004
-14.988
-20.049
-16.871500000000005
-31.219500000000004
-16.5165
-14.175
-17.743
-18.964999999999993
-22.426
-20.402499999999993
-24.2945
-30.54149999999999
-14.766499999999999
-31.410000000000004
-30.649999999999995
-16.894500000000004
-25.10799999999999
-30.904500000000002
-25.453999999999997
-18.977000000000004
-15.518500000000001
-22.475999999999992
-24.90400000000002
-21.002499999999998
-17.157
-10.830499999999995
-11.582
-19.800000000000008
-24.503000000000007
-22.841499999999982
-30.761000000000017
-18.575000000000003
-25.305000000000014
-34.26349999999999
-29.339000000000013
-32.765999999999984
-20.388499999999993
-18.948000000000004
-21.602000000000004
-16.267000000000003
-35.425
-35.14599999999998
-31.670499999999997
-20.145500000000006
-26.67350000000001
-22.872000000000014
-27.97450000000001
-19.05
-22.667500000000008
-25.818
-23.265499999999996
-15.600999999999992
-19.7005
-41.766999999999975
-32.099999999999994
-42.18649999999997
-19.195999999999998
-19.967000000000006
-14.217500000000001
-18.753999999999994
-21.7725
-20.871500000000005
-20.97250000000001
-26.00450000000001
-19.28550000000001
-13.504999999999995
-21.907500000000013
-27.934999999999985
-23.202499999999997
-21.933500000000002
-10.339000000000004
-26.258999999999983
-14.852999999999993
-18.291500000000003
-23.71850000000001
-23.467500000000005
-15.876000000000007
-17.637000000000008
-35.56000000000001
-19.360500000000012
-22.789000000000005
-25.2735
-28.93700000000001
-22.355999999999998
-20.142500000000005
-17.916500000000003
-28.925
-28.328999999999997
-32.58649999999999
-30.083999999999993
-19.956999999999997
-12.869500000000002
-22.482999999999997
-29.379999999999985
-32.517999999999994
-19.616000000000003
-18.608999999999998
-27.34249999999999
-14.754499999999998
-33.13750000000002
-19.361000000000004
-21.728500000000004
-19.03100000000001
-20.472
-19.334499999999995
-13.943
-20.042
-28.636000000000024
-34.17999999999999
-19.107000000000014
-18.753500000000003
-31.364000000000004
-15.859000000000005
-26.582000000000004
-28.660999999999994
-23.434500000000014
-34.815
-38.71250000000001
-21.052000000000007
-23.87900000000001
-21.77199999999998
-16.45499999999999
-23.866999999999997
-16.985
-36.4325
-25.044500000000017
-37.36049999999999
-18.942999999999998
-26.765500000000003
-33.795000000000016
-28.12600000000001
-18.8555
-15.447000000000006
-24.983
-31.53899999999999
-22.892000000000017
-16.128500000000003
-22.86
-17.480999999999998
-26.389499999999998
-22.44200000000001
-15.744000000000002
-28.110500000000005
-17.911500000000004
-19.603499999999997
-14.401000000000002
-25.64999999999999
-20.738500000000005
-24.127999999999997
-36.22600000000001
-16.945000000000007
-33.346999999999994
-15.821
-36.5995
-31.155000000000005
-21.019000000000005
-26.112
-14.541000000000006
-24.881499999999992
-17.238999999999997
-29.610500000000012
-17.3355
-31.917500000000008
-35.930000000000035
-24.78349999999999
-21.853
-27.49950000000001
-30.574499999999983
-14.262000000000002
-38.812999999999995
-13.581499999999998
-23.33149999999999
-29.0665
-26.31250000000001
-31.167000000000023
-24.79250000000001
-23.1945
-20.958000000000002
-19.453500000000002
-29.765500000000024
-33.56200000000001
-16.353500000000004
-17.039500000000007
-23.283
-28.47499999999999
-26.863999999999997
-26.519499999999987
-13.927000000000003
-19.875999999999998
-20.97
-15.912
-29.419000000000004
-25.143499999999996
-19.7645
-16.8915
-21.17299999999999
-22.99849999999999
-31.162000000000017
-27.310000000000006
-33.81499999999998
-23.0925
-17.989499999999996
-14.348000000000003
-26.964000000000016
-30.377000000000002
-13.611000000000006
-34.94200000000002
-29.197999999999972
-15.7985
-12.436500000000004
-31.514000000000003
-16.077000000000005
-19.946999999999985
-22.9975
-17.476499999999998
-17.237999999999996
-17.308500000000006
-25.2375
-13.761499999999996
-34.311999999999976
-33.56849999999999
-16.211000000000006
-36.32199999999998
-22.279499999999995
-26.624
-32.688
-21.841499999999996
-24.414000000000005
-26.914999999999992
-17.962
-25.366999999999994
-16.167499999999993
-21.256999999999994
-23.478500000000004
-29.31599999999999
-23.737499999999997
-19.29750000000001
-24.006000000000004
-29.294999999999998
-38.43000000000003
-37.36149999999998
-23.563499999999994
-28.774500000000018
-21.362500000000004
-21.359500000000004
-36.83399999999999
-19.666000000000004
-18.818
-28.64399999999999
-27.158999999999985
-34.10950000000001
-18.419999999999995
-29.526500000000016
-27.809499999999993
-21.602000000000007
-20.095500000000012
-23.197
-27.8635
-13.665500000000003
-31.13800000000001
-20.0645
-19.851000000000013
-24.413500000000013
-20.706500000000005
-39.81899999999997
-23.806499999999996
-10.536999999999999
-29.581999999999983
-14.879
-31.941500000000016
-35.393
-17.343000000000004
-24.5505
-24.767000000000007
-16.411499999999997
-22.243500000000004
-29.339500000000005
-24.072000000000006
-21.154000000000003
-14.873
-32.66000000000001
-17.010500000000008
-33.236500000000014
-31.95149999999998
-10.899
-33.29750000000001
-20.917499999999997
-30.775499999999983
-24.85850000000001
-18.5865
-20.801
-23.366500000000002
-11.187
-17.887000000000004
-30.340999999999994
-20.334500000000002
-14.999499999999998
-33.2675
-17.336499999999997
-19.2165
-27.10449999999999
-16.3325
-38.94450000000004
-13.790500000000002
-12.8265
-12.981
-35.951500000000024
-14.287500000000003
-20.4505
-19.543000000000006
-18.984500000000004
-15.183000000000003
-16.645500000000002
-23.467
-16.10800000000001
-30.461500000000008
-27.102499999999992
-19.245499999999993
-31.5325
-20.258999999999997
-27.654499999999988
-20.702000000000016
-29.80500000000002
-27.561
-19.63549999999999
-13.018
-12.431000000000003
-21.7025
-15.863999999999999
-14.007500000000004
-14.541500000000001
-21.962499999999995
-25.17150000000002
-21.5905
-17.767000000000007
-15.92099999999999
-17.954999999999995
-21.86200000000002
-23.177000000000014
-32.11750000000001
-20.424500000000005
-27.35149999999999
-22.8795
-24.63049999999999
-23.513499999999993
-29.70049999999999
-38.482000000000006
-25.815499999999993
-28.640000000000022
-20.973999999999997
-16.84550000000001
-18.789500000000004
-16.632999999999996
-14.363000000000003
-13.124000000000002
-15.979000000000001
-16.725
-34.732000000000006
-35.45849999999999
-22.2605
-14.555000000000003
-31.395000000000003
-15.446499999999999
-28.310500000000008
-23.141000000000005
-28.89699999999997
-25.902
-25.311499999999995
-20.241999999999983
-35.01300000000003
-17.654499999999995
-20.3005
-22.660999999999994
-18.3295
-32.4225
-21.7705
-19.195000000000007
-21.923500000000008
-16.025499999999994
-21.135
-23.235999999999983
-31.626999999999995
-22.758499999999987
-26.618000000000013
-30.421999999999986
-20.51850000000001
-13.815500000000005
-14.225500000000004
-9.238499999999997
-28.553500000000007
-23.633000000000013
-20.076499999999996
-27.833999999999996
-28.51150000000001
-24.346
-23.22749999999999
-10.348500000000001
-20.099999999999998
-39.314499999999995
-16.2545
-17.632
-17.966999999999988
-18.351000000000003
-22.735999999999997
-16.635000000000005
-15.098
-17.819499999999998
-35.72000000000002
-24.122500000000006
-25.781499999999998
-20.4875
-31.643500000000007
-14.066000000000003
-14.222499999999995
-19.0245
-38.86049999999999
-21.73600000000001
-24.311500000000002
-25.472500000000014
-26.318499999999993
-38.55500000000001
-14.339500000000005
-20.411
-25.20650000000001
-18.863499999999995
-32.51899999999999
-36.032
-26.863000000000007
-22.508999999999993
-15.123499999999998
-20.839500000000008
-29.973000000000013
-17.658000000000005
-24.759500000000006
-19.758
-17.27900000000001
-26.835000000000008
-33.678999999999995
-27.405500000000004
-17.541499999999996
-20.6875
-16.2845
-23.549500000000002
-14.755499999999998
-16.852000000000004
-20.189499999999995
-27.928
-18.305000000000007
-28.816500000000012
-26.015999999999988
-27.4505
-25.67749999999998
-30.666500000000006
-17.771499999999996
-17.597499999999997
-23.903000000000002
-30.106999999999985
-30.41349999999998
-27.084500000000006
-25.169500000000024
-17.05050000000001
-24.956500000000023
-26.182000000000016
-20.487999999999992
-17.674000000000003
-24.1465
-27.771999999999995
-22.40449999999999
-29.193500000000014
-31.142000000000014
-17.2145
-21.662999999999993
-26.9785
-19.304499999999997
-23.41050000000001
-18.6345
-19.458
-19.580499999999994
-33.540000000000006
-28.923500000000008
-22.126500000000004
-20.42150000000001
-34.15799999999999
-25.780500000000004
-13.269000000000005
-25.2025
-21.652000000000005
-19.840500000000006
-25.024000000000008
-31.890500000000007
-22.16949999999998
-23.280499999999996
-21.039500000000004
-13.828999999999997
-28.813
-30.50999999999999
-27.1605
-24.861500000000003
-26.101999999999997
-17.232999999999997
-30.095
-15.992000000000012
-13.393999999999995
-28.915999999999997
-15.939500000000004
-12.540499999999994
-21.038500000000013
-20.492500000000003
-23.261000000000013
-20.451499999999996
-25.617499999999996
-19.413000000000007
-42.01550000000002
-32.003
-12.082999999999997
-26.949000000000026
-35.955
-29.498
-18.772000000000002
-23.834999999999997
-25.855000000000004
-20.011999999999993
-34.36549999999999
-28.141500000000022
-24.1275
-35.289000000000016
-22.567500000000013
-20.1745
-23.768000000000004
-31.536500000000004
-24.13449999999999
-19.907500000000006
-25.08300000000001
-24.052500000000002
-17.79750000000001
-27.961
-30.9325
-30.073000000000008
-39.80750000000001
-21.154999999999987
-11.919000000000006
-28.46049999999999
-24.012499999999992
-33.72950000000001
-19.067999999999998
-19.613
-27.169000000000008
-28.632499999999993
-29.44500000000001
-19.347499999999993
-36.431000000000026
-32.5595
-22.733999999999988
-22.49100000000001
-17.08
-21.8755
-35.1405
-30.415000000000013
-11.654000000000002
-34.116000000000014
-19.069999999999997
-24.4625
-26.17550000000001
-17.285999999999998
-23.587999999999997
-30.38749999999998
-34.05299999999999
-26.291500000000013
-33.52949999999999
-26.555500000000002
-23.1025
-13.755499999999994
-22.865499999999997
-31.52949999999999
-20.579500000000007
-31.967499999999998
-18.995000000000005
-29.28149999999999
-17.394499999999997
-26.723000000000017
-26.209000000000007
-23.841500000000014
-20.021000000000008
-23.98099999999999
-16.394
-15.854000000000001
-21.337499999999995
-24.961500000000004
-27.502500000000012
-15.242000000000003
-20.605
-31.101
-16.448499999999996
-29.625000000000007
-21.325
-21.4415
-26.0075
-17.593999999999998
-25.14800000000001
-30.061999999999998
-33.47199999999999
-27.827500000000004
-16.014000000000003
-17.776000000000007
-21.217500000000005
-21.706000000000014
-19.948999999999998
-28.031499999999987
-15.255499999999994
-25.2055
-29.924000000000003
-27.5795
-26.751000000000012
-36.3635
-22.14750000000001
-29.927999999999997
-19.454500000000014
-24.661500000000007
-11.233000000000002
-22.754499999999993
-18.369999999999994
-15.373500000000002
-20.821
-35.40000000000001
-17.771500000000003
-16.988000000000007
-19.61699999999998
-24.66500000000001
-16.639500000000005
-26.626500000000014
-17.068
-23.556500000000018
-31.554999999999993
-28.127500000000005
-13.294500000000005
-39.544000000000025
-21.432
-33.44850000000001
-15.753500000000003
-27.251
-28.809500000000014
-24.648999999999997
-32.38650000000001
-18.2945
-16.1545
-24.402500000000003
-14.082
-21.356499999999993
-14.68200000000001
-28.148500000000006
-19.240000000000002
-16.823
-32.54899999999998
-28.506500000000013
-23.39999999999999
-35.92349999999999
-28.68249999999999
-19.549500000000005
-22.152500000000018
-27.677999999999994
-20.146000000000008
-30.065500000000004
-26.264999999999997
-18.116500000000002
-28.554499999999994
-11.786999999999999
-31.380499999999998
-28.482000000000006
-23.890500000000003
-32.3535
-15.079000000000002
-14.614500000000005
-21.83
-37.85300000000001
-28.191
-25.875999999999998
-24.92950000000001
-16.041000000000007
-28.10000000000001
-37.91850000000004
-27.246
-15.399000000000001
-34.455999999999975
-28.658500000000018
-32.914
-27.383000000000006
-18.025499999999997
-21.407499999999988
-17.301
-17.462500000000006
-15.74300000000001
-28.241999999999997
-30.214000000000006
-30.805500000000013
-25.482
-27.095500000000015
-22.307000000000016
-16.961999999999996
-34.356499999999976
-18.041999999999998
-31.39200000000001
-14.282499999999999
-34.260000000000005
-22.938
-27.72400000000001
-27.427999999999994
-30.453999999999994
-20.4715
-29.616999999999997
-23.854499999999998
-16.353500000000004
-31.27350000000001
-19.034999999999993
-29.875999999999994
-33.223000000000006
-29.7745
-26.41400000000001
-31.08300000000001
-17.2135
-29.816500000000005
-35.156499999999994
-36.44700000000001
-11.337499999999999
-26.419000000000008
-29.15750000000001
-34.431
-28.48550000000001
-22.41949999999999
-33.17749999999999
-23.634500000000006
-26.5425
-21.7255
-30.466000000000015
-17.174500000000002
-32.539
-29.20350000000001
-10.549000000000005
-26.739500000000007
-33.998000000000005
-21.664999999999992
-14.837499999999999
-21.455
-17.199999999999996
-16.880499999999994
-25.159999999999997
-13.8625
-27.6715
-30.9315
-18.515499999999996
-43.48
-23.39999999999999
-19.405
-37.69149999999999
-13.787500000000001
-30.319999999999997
-15.872999999999994
-24.431499999999993
-33.46000000000001
-32.221500000000006
-15.54
-30.450499999999995
-18.991000000000003
-32.60949999999998
-31.05600000000001
-19.046499999999995
-18.308999999999997
-27.070000000000036
-31.772500000000004
-25.374500000000012
-21.1995
-35.40400000000003
-17.800500000000003
-27.522499999999997
-32.74350000000001
-30.31900000000001
-26.85199999999999
-33.254000000000005
-31.552500000000016
-37.386500000000005
-31.925000000000004
-25.20350000000001
-20.109500000000004
-24.2235
-30.369
-18.12
-34.44350000000001
-25.314500000000006
-32.406
-31.945999999999994
-27.427500000000016
-23.130499999999998
-18.120500000000003
-30.233499999999992
-23.013500000000004
-15.841499999999995
-19.568500000000004
-18.354499999999998
-12.454500000000005
-23.338499999999982
-25.165
-19.422500000000007
-26.360999999999997
-31.296499999999988
-26.798000000000005
-19.524
-20.824000000000005
-28.007500000000014
-25.67400000000001
-17.841000000000005
-31.313
-13.7775
-26.880499999999998
-22.75549999999999
-32.41
-11.862499999999995
-27.21099999999999
-27.838
-10.9865
-14.273500000000007
-16.098000000000006
-21.959000000000007
-14.545999999999994
-22.512000000000004
-26.884500000000017
-23.88649999999999
-24.492500000000007
-35.173000000000016
-26.104499999999994
-31.272999999999982
-27.191500000000012
-25.221999999999998
-23.5035
-34.28950000000002
-14.110999999999997
-18.704999999999995
-31.8445
-23.845499999999983
-28.62549999999999
-29.56550000000003
-32.40250000000003
-22.69399999999999
-28.64049999999999
-34.93000000000001
-17.65100000000001
-30.128500000000013
-26.887499999999996
-20.218999999999994
-33.53499999999998
-28.47850000000003
-15.695499999999994
-13.906499999999992
-20.689999999999994
-26.9135
-31.597499999999993
-25.008500000000005
-29.105500000000006
-32.169
-21.678000000000004
-33.68149999999999
-10.987999999999998
-32.58700000000002
-23.214000000000006
-26.432499999999994
-32.63150000000002
-18.0755
-12.058499999999999
-19.2345
-23.391500000000004
-17.54000000000001
-29.204500000000007
-15.612
-33.5985
-16.639499999999998
-21.282000000000014
-37.752999999999986
-23.47699999999999
-22.330499999999997
-26.273
-29.365000000000016
-19.32
-23.164500000000007
-40.91349999999999
-12.674000000000003
-37.874500000000005
-26.018500000000007
-33.41100000000001
-26.592500000000015
-20.023500000000006
-21.312500000000007
-43.39899999999998
-26.217500000000005
-19.299
-24.5955
-22.464
-21.2375
-26.245999999999995
-18.016499999999997
-12.803500000000007
-30.6585
-36.147499999999965
-22.146499999999993
-25.338
-17.0435
-30.715999999999998
-29.861999999999995
-24.726
-16.811000000000003
-20.170500000000004
-24.919000000000008
-12.198500000000005
-17.133000000000006
-34.846500000000006
-12.167000000000009
-17.63899999999999
-26.240000000000002
-24.94250000000001
-21.3055
-29.754
-23.407500000000002
-19.628000000000004
-28.07700000000001
-19.91100000000001
-20.9625
-31.07
-30.310500000000008
-25.926500000000008
-38.22400000000002
-22.1325
-18.311000000000003
-30.827999999999996
-17.1065
-22.954000000000008
-28.227000000000018
-27.954500000000003
-17.185499999999998
-19.014000000000006
-17.5825
-17.343499999999995
-24.376500000000004
-23.152000000000008
-20.1755
-27.809500000000018
-21.447499999999998
-11.856500000000006
-29.581500000000005
-26.2255
-28.36400000000001
-29.959500000000002
-19.131999999999998
-22.241500000000002
-22.59150000000001
-21.495499999999996
-38.259
-33.101499999999994
-18.952500000000004
-21.102499999999992
-14.3935
-21.423499999999994
-34.918499999999995
-16.209999999999994
-27.22550000000001
-16.755999999999997
-21.428999999999988
-23.631000000000014
-36.632999999999996
-18.444000000000006
-38.43800000000002
-31.163000000000004
-28.794000000000004
-17.25700000000001
-18.579499999999992
-33.6085
-14.806500000000002
-22.857499999999984
-11.297999999999995
-16.856499999999997
-30.81849999999998
-21.674500000000002
-26.893500000000007
-23.50250000000001
-26.820499999999996
-30.67099999999998
-24.062
-19.95
-23.395500000000006
-25.259000000000018
-23.500500000000006
-35.23350000000001
-17.2345
-21.28099999999999
-23.384500000000003
-26.378500000000003
-33.70399999999999
-32.31750000000001
-18.4945
-33.47100000000001
-35.33399999999998
-27.18849999999999
-25.5965
-31.881499999999996
-25.930999999999997
-22.776500000000006
-14.353000000000012
-17.812000000000005
-31.678
-28.223
-22.283499999999993
-25.806000000000015
-34.8905
-31.22100000000002
-21.165500000000005
-17.030500000000014
-44.12050000000006
-30.355000000000008
-17.4155
-16.404999999999994
-26.124
-26.040499999999994
-18.870499999999996
-17.790499999999998
-29.9545
-17.408999999999992
-18.279500000000002
-35.02000000000001
-24.907999999999983
-25.10600000000001
-15.5175
-27.4475
-21.86649999999999
-21.495999999999995
-18.093500000000006
-16.72250000000001
-13.232500000000003
-24.804000000000013
-19.694000000000006
-21.083999999999996
-19.083000000000002
-21.286499999999997
-21.69350000000001
-30.418999999999983
-19.011
-22.150499999999994
-29.772000000000006
-21.441500000000005
-19.921999999999997
-24.5275
-32.07900000000001
-38.27750000000001
-21.599000000000004
-18.704
-10.883500000000003
-26.745000000000015
-17.780999999999995
-32.935500000000005
-22.221000000000007
-33.0895
-21.182500000000008
-23.881500000000003
-25.2745
-22.444000000000013
-17.423000000000005
-22.45449999999999
-31.716499999999993
-30.27850000000001
-20.86350000000002
-38.7655
-18.942499999999995
-33.863999999999976
-24.787499999999994
-21.88000000000001
-20.888499999999997
-34.69499999999999
-22.008500000000005
-19.025000000000006
-18.2605
-22.927
-22.834000000000007
-31.964499999999994
-16.372
-18.351500000000012
-21.764500000000005
-35.998500000000014
-24.036999999999992
-24.012500000000014
-20.655499999999996
-17.911499999999993
-25.097500000000004
-27.313999999999997
-22.118999999999993
-16.163000000000007
-23.990499999999997
-24.357500000000005
-34.119000000000014
-18.507499999999993
-29.048499999999986
-20.610999999999994
-23.373500000000007
-23.111999999999995
-31.632999999999985
-17.979999999999997
-27.483
-24.736
-14.467499999999996
-30.25
-26.932999999999996
-15.981499999999997
-22.230000000000008
-12.621000000000006
-27.14750000000001
-23.412999999999997
-22.94600000000001
-17.905999999999995
-25.11800000000002
-31.562499999999993
-35.84399999999998
-24.331
-15.993499999999992
-24.498000000000022
-25.597500000000007
-22.73200000000001
-29.152499999999993
-19.784999999999993
-21.853999999999996
-17.699500000000008
-17.179000000000002
-25.281000000000006
-13.392999999999997
-28.870500000000014
-31.69199999999999
-24.998999999999995
-28.164999999999985
-14.364999999999997
-27.2475
-19.661999999999995
-23.879500000000007
-32.501
-16.0055
-33.30649999999999
-21.877499999999987
-24.749499999999994
-20.6685
-22.623000000000008
-22.23350000000001
-19.34000000000001
-38.06849999999999
-24.750999999999994
-31.067000000000004
-32.619500000000016
-24.675499999999992
-17.089500000000005
-22.428499999999996
-33.827000000000005
-26.709000000000014
-15.75050000000001
-30.166999999999987
-15.666999999999996
-11.2435
-18.580499999999994
-19.655499999999993
-17.859499999999997
-20.430500000000006
-13.789
-27.92599999999999
-30.855999999999995
-15.180000000000001
-21.291000000000004
-25.643000000000008
-28.603000000000016
-25.266999999999985
-21.51250000000001
-15.816
-28.369500000000002
-19.8655
-14.66
-34.0995
-30.382500000000007
-22.97850000000001
-22.50449999999999
-24.455000000000005
-30.67
-31.627000000000002
-33.284500000000016
-20.2005
-29.258000000000028
-26.961499999999987
-19.801499999999987
-29.58299999999998
-24.079999999999995
-18.027500000000014
-25.211500000000008
-26.552999999999994
-36.01700000000001
-23.687499999999982
-25.819999999999997
-19.752999999999993
-12.496500000000001
-34.403000000000006
-37.26100000000001
-21.89399999999999
-21.992499999999993
-34.34449999999999
-19.412499999999998
-33.84600000000001
-20.333000000000016
-23.94399999999999
-19.975500000000007
-15.036500000000004
-14.043999999999999
-17.553500000000003
-25.7145
-34.13349999999999
-20.0275
-27.318000000000005
-26.523000000000014
-24.224000000000004
-35.35749999999998
-19.4245
-31.262999999999998
-13.655000000000006
-20.15700000000001
-23.828499999999995
-16.4095
-21.653499999999998
-29.282500000000013
-25.801999999999982
-20.720999999999997
-24.114999999999984
-24.241999999999983
-14.098499999999998
-31.180000000000007
-31.7665
-17.6945
-25.655000000000005
-20.41349999999999
-24.681500000000007
-24.244499999999988
-28.6145
-26.468
-28.448499999999992
-16.437500000000007
-12.644500000000004
-35.517500000000005
-25.656499999999998
-33.71100000000001
-17.250499999999995
-26.209999999999997
-25.67049999999999
-14.239
-23.42150000000001
-12.3475
-18.467499999999994
-27.818999999999985
-29.278000000000002
-19.602500000000006
-18.752499999999994
-23.167500000000008
-17.817500000000006
-24.147499999999997
-24.910500000000006
-18.86200000000001
-28.22149999999999
-36.51649999999999
-22.108500000000003
-20.6425
-13.992999999999999
-22.41150000000001
-18.991999999999994
-22.24450000000001
-20.859500000000004
-13.762
-10.041999999999998
-15.008499999999989
-12.749999999999996
-24.96750000000001
-12.086499999999996
-12.469999999999997
-9.677499999999991
-21.404000000000003
-16.462000000000007
-29.196500000000004
-28.369999999999997
-22.457500000000003
-26.568500000000007
-21.339000000000024
-17.2485
-18.886999999999997
-22.5745
-26.10850000000001
-32.78550000000003
-21.2965
-25.402000000000005
-14.938500000000001
-23.064000000000014
-17.78400000000001
-29.96500000000001
-30.432000000000027
-33.719500000000004
-16.403999999999996
-32.94249999999998
-22.68350000000001
-38.36249999999998
-25.674
-18.519000000000005
-20.136000000000006
-16.228000000000005
-25.72449999999999
-40.74350000000001
-30.375500000000006
-34.67300000000001
-17.45199999999999
-32.9025
-27.223499999999998
-25.3625
-24.36700000000002
-19.671499999999998
-36.31799999999998
-25.896999999999995
-29.129000000000023
-31.078999999999983
-28.7685
-27.533000000000012
-15.927000000000003
-24.983500000000003
-21.63699999999999
-22.844500000000014
-17.181500000000003
-18.852999999999994
-22.05950000000001
-18.60850000000001
-20.6955
-17.603500000000004
-26.433500000000002
-20.202500000000004
-16.568000000000005
-25.42899999999998
-25.500000000000004
-28.737000000000005
-29.968
-36.20150000000002
-27.470500000000005
-33.551500000000004
-15.113500000000007
-27.3515
-20.597999999999995
-15.600000000000005
-21.457999999999995
-31.47500000000001
-23.96650000000001
-33.56399999999999
-38.67150000000003
-14.242999999999997
-35.16900000000002
-14.80400000000001
-28.40900000000002
-24.211999999999993
-24.442999999999998
-24.23549999999999
-27.316
-12.932500000000003
-21.5645
-30.949500000000008
-19.343000000000004
-19.084999999999994
-29.51199999999999
-22.403499999999994
-31.169500000000006
-36.58950000000001
-21.873000000000008
-31.944500000000005
-22.554000000000006
-17.637500000000006
-27.807000000000002
-22.195000000000007
-24.70150000000001
-25.866999999999997
-27.122
-17.012499999999996
-26.803500000000007
-16.233
-26.44
-14.284499999999998
-18.131999999999998
-14.88800000000001
-22.596500000000027
-22.337000000000003
-24.214499999999994
-35.22350000000001
-24.441499999999994
-21.712000000000003
-27.041500000000006
-23.599000000000004
-31.36250000000001
-24.931
-31.678000000000015
-25.958499999999994
-30.226
-29.226999999999997
-23.744000000000007
-18.994999999999997
-22.588500000000007
-26.373
-32.321000000000005
-19.753500000000003
-22.887000000000008
-23.229499999999998
-16.489499999999992
-19.07
-22.9395
-23.950499999999995
-27.012
-26.87849999999999
-23.121499999999997
-28.826000000000008
-18.297
-21.343500000000006
-21.094
-24.962499999999984
-25.589500000000005
-28.172499999999992
-18.476500000000005
-32.53800000000001
-25.680999999999994
-27.204499999999992
-21.583
-32.53249999999999
-15.260500000000008
-19.809999999999995
-22.637500000000003
-11.56250000000001
-28.50249999999999
-17.0215
-26.642500000000002
-32.3675
-25.211499999999997
-34.55800000000001
-39.72750000000001
-23.892999999999997
-25.798499999999994
-20.223
-28.104000000000003
-19.203999999999997
-20.569499999999994
-22.143500000000003
-17.645499999999995
-15.830000000000002
-37.89250000000002
-26.59049999999999
-17.306499999999996
-24.37
-22.403000000000006
-30.02350000000001
-18.57699999999999
-28.25099999999999
-23.932500000000005
-22.8335
-12.502000000000006
-16.286500000000004
-20.641000000000012
-27.74799999999999
-23.710499999999996
-22.090000000000003
-26.44649999999998
-17.755500000000005
-21.442
-26.78450000000003
-20.1605
-17.271500000000003
-24.96600000000001
-25.128
-23.159
-28.610000000000007
-41.302999999999976
-26.685999999999986
-21.057499999999997
-28.796
-23.8145
-15.937999999999992
-27.645500000000002
-27.676000000000005
-30.5375
-31.05349999999999
-31.389
-20.43850000000001
-33.23900000000001
-26.94250000000001
-23.823500000000003
-27.3525
-23.673999999999996
-17.6325
-19.64799999999999
-13.814500000000004
-15.140500000000008
-16.3825
-26.236500000000003
-26.200500000000005
-18.074
-17.157000000000004
-28.28
-24.881000000000007
-35.56000000000001
-16.572499999999998
-35.7295
-17.693000000000012
-32.045999999999985
-27.446000000000005
-22.06350000000001
-17.4865
-11.566500000000001
-30.039499999999997
-28.72100000000001
-17.836500000000004
-27.363000000000003
-26.813500000000012
-28.270000000000014
-12.834999999999999
-23.01350000000001
-22.150999999999993
-21.766500000000004
-31.184500000000007
-20.064500000000024
-19.956500000000005
-23.337999999999997
-16.128000000000004
-17.721000000000007
-23.370499999999996
-27.40200000000001
-14.296000000000006
-31.91050000000001
-21.848499999999998
-19.211999999999996
-35.451000000000015
-28.747000000000018
-34.385999999999974
-19.74899999999999
-18.986499999999992
-25.672000000000004
-27.44000000000001
-19.92699999999999
-23.31350000000001
-21.353999999999992
-27.085999999999988
-20.9515
-34.86249999999999
-25.375000000000004
-14.8035
-27.270499999999995
-30.936000000000025
-19.32200000000002
-14.592000000000002
-22.765500000000007
-29.127999999999993
-29.504500000000007
-33.07200000000001
-16.5655
-15.5055
-24.62650000000001
-28.927500000000002
-24.290000000000013
-24.28950000000002
-22.629500000000004
-18.336999999999996
-16.475500000000004
-25.943499999999997
-17.19
-16.810499999999998
-23.569000000000003
-28.620999999999988
-31.67699999999999
-19.1955
-28.43800000000001
-29.561500000000017
-24.412999999999997
-29.180999999999994
-27.723
-32.54850000000001
-21.72949999999999
-15.558000000000003
-16.46900000000001
-25.763500000000008
-17.089500000000005
-23.608500000000006
-18.86
-30.47800000000001
-20.07750000000001
-17.092499999999998
-29.17950000000001
-21.57750000000001
-24.796499999999998
-13.746500000000003
-20.494000000000007
-27.059999999999995
-17.552500000000002
-15.361499999999998
-20.773
-24.932
-25.933
-36.91650000000001
-41.60700000000003
-32.57000000000001
-18.046
-28.039500000000004
-18.216000000000005
-34.13199999999999
-21.116000000000003
-18.866500000000002
-35.225
-25.62750000000001
-23.93050000000001
-10.898000000000005
-18.724500000000003
-15.357
-11.847000000000003
-27.8115
-21.019000000000002
-24.189
-22.7185
-18.509000000000007
-26.690000000000012
-25.36799999999999
-13.806000000000008
-25.889
-22.49400000000001
-22.20399999999999
-17.5655
-22.124500000000005
-15.488499999999993
-23.689500000000017
-24.8805
-20.16699999999999
-29.849500000000013
-35.444500000000005
-30.851499999999994
-14.312000000000005
-14.169999999999998
-30.048499999999997
-32.28649999999998
-32.60799999999999
-25.1995
-26.580000000000002
-16.589999999999996
-16.082
-16.10050000000001
-23.35799999999999
-18.10850000000001
-25.700500000000005
-19.423500000000004
-35.535999999999994
-24.052500000000002
-32.8775
-22.945000000000014
-27.168499999999987
-25.55500000000001
-14.805500000000002
-24.643000000000008
-24.422
-23.0955
-16.427999999999997
-33.44949999999999
-34.8575
-23.882000000000005
-14.735000000000005
-24.661999999999992
-17.786999999999995
-25.0065
-16.973499999999994
-33.15650000000003
-29.715000000000014
-26.754500000000004
-35.42100000000003
-23.519499999999997
-25.50899999999999
-27.320000000000007
-22.732499999999987
-22.703500000000012
-19.5135
-19.8785
-29.44900000000001
-27.681999999999995
-13.020499999999998
-12.501999999999995
-20.364000000000004
-31.789000000000012
-31.137499999999996
-12.70550000000001
-24.375999999999998
-29.497500000000002
-23.78550000000001
-24.202999999999996
-25.85000000000001
-23.106000000000005
-31.258499999999994
-21.460999999999988
-30.162500000000012
-23.384999999999998
-29.7985
-35.81999999999999
-26.310999999999993
-25.435000000000002
-24.928500000000003
-16.018500000000003
-26.733000000000008
-28.370999999999995
-14.554499999999997
-34.3425
-23.56949999999999
-18.08650000000001
-29.840999999999994
-26.57600000000002
-28.814499999999978
-32.10799999999999
-23.429500000000004
-17.514
-25.7655
-26.537000000000024
-12.605000000000004
-31.0315
-15.225000000000001
-16.212000000000003
-12.129000000000003
-19.851000000000003
-24.851499999999998
-24.998499999999996
-26.2065
-22.746000000000013
-12.855999999999998
-27.50100000000003
-14.207999999999998
-25.626000000000012
-27.10200000000001
-20.369500000000002
-26.623000000000015
-19.729499999999994
-25.830000000000013
-19.1655
-19.634999999999994
-31.431000000000004
-21.239499999999992
-24.449999999999996
-39.18250000000002
-24.64850000000001
-26.250999999999994
-21.52000000000001
-23.430999999999987
-16.556999999999995
-15.572500000000003
-32.15950000000001
-13.236000000000006
-26.44800000000001
-23.828999999999994
-16.510999999999996
-33.60549999999999
-15.42249999999999
-19.103500000000007
-20.049500000000002
-34.22049999999999
-11.766000000000002
-22.2565
-22.483500000000003
-30.124499999999983
-31.322000000000013
-25.156500000000005
-25.789500000000007
-29.381000000000004
-29.3125
-31.191000000000003
-35.946000000000005
-23.233499999999992
-23.929499999999997
-23.894499999999994
-29.365500000000015
-38.262499999999996
-25.02700000000001
-21.613000000000014
-32.2145
-11.949500000000004
-10.903000000000013
-34.28699999999999
-20.397499999999997
-32.42799999999998
-33.65600000000002
-30.35550000000002
-33.06100000000001
-18.876500000000007
-13.4435
-28.859000000000005
-12.446999999999994
-21.861999999999995
-19.183999999999987
-24.22749999999999
-20.754499999999997
-9.689
-19.363999999999997
-32.791000000000004
-33.8085
-25.59399999999999
-26.258000000000006
-35.333000000000006
-20.388000000000012
-18.8575
-20.786499999999997
-29.964999999999996
-20.66999999999999
-19.932
-32.23100000000001
-27.847500000000007
-12.329999999999995
-27.532999999999994
-9.693500000000002
-26.726000000000006
-27.966500000000014
-30.312
-25.204
-15.844000000000007
-18.2615
-21.967
-17.483500000000003
-32.43400000000001
-27.229000000000003
-31.493000000000006
-14.987999999999998
-29.346500000000013
-21.527999999999995
-26.668000000000003
-19.249000000000002
-28.393
-23.187000000000005
-18.723500000000005
-18.209
-15.494500000000004
-23.20649999999999
-23.12449999999999
-23.995
-27.847999999999995
-31.7765
-28.452500000000015
-13.235999999999995
-28.691500000000023
-21.190500000000004
-34.8745
-25.76200000000001
-21.89599999999999
-15.902500000000002
-19.6925
-17.192
-17.712000000000003
-17.4895
-17.4435
-27.67100000000002
-20.34800000000001
-17.677000000000003
-26.532499999999988
-19.81
-22.541500000000006
-34.80600000000002
-20.940000000000005
-12.810500000000008
-23.63749999999999
-28.841000000000005
-27.017999999999976
-36.78700000000001
-30.55300000000001
-22.286499999999993
-25.333000000000002
-33.783000000000015
-20.51199999999999
-24.765000000000008
-26.8635
-29.63000000000001
-32.16199999999999
-16.565500000000007
-27.561
-30.9435
-30.918999999999986
-13.71649999999999
-29.726999999999986
-30.86749999999999
-35.517999999999965
-23.1645
-11.272000000000002
-35.151
-21.77400000000001
-20.059500000000007
-10.251999999999999
-14.042500000000013
-30.606
-15.545999999999998
-8.971
-37.532500000000006
-34.6265
-16.359499999999997
-26.487499999999994
-25.765499999999992
-26.609000000000027
-21.384999999999998
-30.531499999999998
-43.27100000000003
-27.942499999999995
-34.995999999999995
-28.117499999999986
-20.728500000000007
-22.24349999999999
-25.083999999999996
-34.952
-30.434000000000015
-13.911500000000004
-21.354500000000005
-27.4695
-19.892999999999994
-20.595999999999997
-15.009000000000016
-24.726000000000003
-30.252000000000002
-27.49649999999999
-27.119999999999997
-34.94050000000001
-15.602999999999998
-26.040000000000003
-16.4715
-21.287999999999997
-27.676500000000015
-30.198499999999996
-24.73599999999999
-28.92600000000001
-26.461499999999987
-17.468999999999998
-15.881500000000003
-18.797500000000007
-10.937999999999997
-27.08550000000001
-15.252
-24.062500000000004
-20.055000000000003
-25.382999999999996
-10.189
-39.1115
-17.680999999999994
-27.13699999999999
-28.84150000000001
-30.912500000000005
-15.40300000000001
-20.19549999999999
-32.672500000000014
-21.551000000000005
-16.90450000000001
-30.541500000000017
-23.710000000000004
-17.999499999999998
-33.30000000000001
-27.054000000000006
-36.268499999999996
-25.67750000000001
-36.6665
-38.01700000000001
-23.00050000000001
-20.083000000000006
-28.2925
-20.5095
-28.281999999999996
-20.916000000000004
-35.118000000000016
-18.732000000000006
-17.400499999999997
-25.694
-21.270999999999997
-31.537999999999975
-29.7215
-29.305500000000002
-13.914500000000004
-33.629500000000036
-25.182499999999994
-26.195999999999994
-23.890499999999996
-18.918500000000005
-29.142000000000007
-29.530500000000014
-15.142499999999997
-18.8405
-15.437999999999995
-34.93949999999998
-18.70699999999999
-17.396
-30.34000000000002
-30.249499999999976
-34.79800000000002
-23.432999999999996
-23.815999999999992
-26.308500000000002
-21.57500000000001
-22.526500000000016
-35.01750000000003
-20.734500000000015
-21.567500000000013
-29.227499999999996
-33.599000000000004
-20.84349999999999
-11.266499999999986
-26.886000000000006
-26.439500000000002
-33.94199999999999
-21.335
-27.544500000000003
-14.68550000000001
-27.279
-26.4985
-26.563999999999993
-18.8255
-25.941
-22.793499999999998
-21.321999999999992
-16.548500000000004
-12.129999999999997
-14.612500000000015
-33.87149999999999
-22.18850000000001
-36.746000000000016
-17.399500000000003
-27.22550000000001
-25.36650000000002
-24.378999999999994
-26.168999999999993
-17.9755
-24.469000000000005
-20.367500000000007
-16.470500000000005
-25.854000000000006
-17.451500000000003
-36.645
-17.961999999999996
-15.091500000000003
-15.397500000000003
-24.121500000000005
-12.082000000000008
-19.566000000000003
-33.41500000000001
-17.574500000000015
-27.312999999999995
-31.871499999999987
-19.459499999999995
-31.073000000000008
-20.098
-13.206500000000002
-31.284499999999998
-25.853500000000007
-30.812
-39.54099999999998
-21.907499999999985
-19.33699999999999
-30.3725
-25.397500000000004
-32.66299999999999
-27.102500000000024
-18.260999999999996
-28.196500000000004
-28.14449999999999
-26.104500000000005
-26.392000000000017
-15.9785
-23.857499999999998
-16.590000000000003
-30.724000000000004
-18.515
-26.812000000000005
-20.252999999999997
-18.616500000000002
-26.129500000000018
-38.04900000000003
-22.26750000000001
-22.394500000000008
-24.371500000000022
-11.642999999999999
-12.264000000000003
-27.63450000000001
-29.605500000000017
-29.519000000000002
-22.470999999999997
-30.48100000000001
-18.406500000000005
-37.9725
-25.264499999999988
-24.108
-19.456500000000005
-12.622500000000004
-24.084
-25.812499999999993
-28.868499999999994
-16.190500000000007
-19.603999999999996
-27.02649999999999
-26.81050000000002
-21.81350000000001
-27.006499999999992
-25.247499999999995
-22.527500000000003
-27.469999999999988
-16.909500000000005
-23.564999999999994
-22.482000000000003
-23.216000000000005
-31.186500000000006
-18.337000000000007
-38.457000000000015
-15.718000000000004
-34.92500000000001
-25.69150000000001
-33.74800000000002
-18.95
-17.718500000000002
-21.51450000000001
-29.57750000000002
-26.024499999999996
-17.829499999999996
-33.417
-27.2625
-13.262499999999994
-36.02249999999997
-29.271999999999984
-27.3945
-21.173500000000008
-25.081500000000027
-21.232999999999997
-23.568999999999996
-26.40299999999999
-26.220500000000015
-28.722499999999986
-37.357999999999976
-30.708999999999996
-24.458000000000002
-22.1545
-26.653499999999998
-10.491000000000003
-26.60249999999999
-31.718
-18.120000000000005
-35.533500000000004
-30.033500000000014
-15.407499999999995
-34.79
-28.424500000000002
-23.731000000000005
-21.828000000000003
-21.7435
-35.30349999999999
-22.772000000000006
-24.75100000000001
-34.68549999999999
-31.68049999999998
-24.37
-26.973000000000013
-23.5895
-37.30249999999998
-25.776499999999988
-23.029000000000018
-28.956500000000005
-24.095499999999998
-14.583499999999995
-27.79050000000003
-29.89850000000001
-32.76550000000002
-34.15949999999999
-36.02050000000001
-22.958000000000016
-21.213499999999993
-30.98400000000001
-33.97250000000001
-36.6115
-22.730499999999996
-13.459999999999997
-34.9215
-26.4215
-22.805999999999994
-28.0685
-25.033500000000007
-22.504500000000004
-21.539999999999985
-22.531499999999998
-13.734500000000008
-16.693499999999993
-25.628500000000006
-24.19950000000001
-34.0075
-21.629499999999997
-19.645500000000006
-35.862
-31.371000000000016
-23.632000000000012
-10.577000000000007
-35.962
-31.961499999999994
-31.662000000000013
-24.527500000000003
-31.791999999999994
-24.509
-27.901499999999988
-29.990999999999996
-13.322999999999993
-27.691000000000006
-15.844500000000009
-17.529000000000003
-14.246000000000002
-23.9955
-20.125
-30.53549999999999
-18.425
-27.475000000000037
-26.671000000000006
-29.9645
-24.202499999999983
-28.961
-30.620000000000022
-22.91699999999999
-18.169499999999996
-23.071
-27.406499999999998
-40.74250000000001
-22.0505
-19.426000000000002
-27.564000000000004
-24.241999999999997
-26.631
-11.635500000000008
-17.8605
-29.016500000000004
-37.04950000000002
-19.147499999999997
-26.8465
-30.775500000000015
-35.30200000000002
-22.215
-12.666499999999994
-32.31949999999999
-22.590499999999988
-23.834
-27.025500000000005
-33.31749999999999
-19.519499999999997
-26.969999999999985
-8.710999999999999
-33.00450000000001
-21.444000000000006
-28.50399999999999
-12.759000000000002
-32.675999999999995
-17.909000000000002
-11.872000000000005
-23.007000000000012
-29.135499999999993
-40.65000000000005
-18.196500000000007
-29.263500000000004
-24.31450000000001
-34.210499999999996
-19.147000000000006
-23.7935
-21.848499999999987
-26.667500000000025
-22.670499999999993
-22.717000000000002
-23.47049999999999
-17.61250000000001
-15.816999999999991
-21.075499999999995
-25.624499999999994
-26.88449999999998
-27.37549999999998
-31.017999999999994
-26.40750000000001
-22.235500000000005
-15.303500000000003
-22.907000000000004
-23.794999999999998
-20.936
-30.02049999999999
-30.08299999999999
-27.548499999999994
-26.048500000000004
-16.161000000000016
-23.644000000000027
-23.7195
-38.55850000000003
-20.68349999999999
-30.4115
-20.5915
-11.81900000000001
-24.4075
-15.526999999999997
-19.922999999999995
-26.794500000000024
-30.333
-12.458499999999997
-25.916999999999994
-19.286499999999986
-23.7355
-24.455500000000008
-31.15099999999999
-22.570000000000007
-32.17899999999999
-20.44500000000001
-29.079000000000015
-26.443500000000025
-32.53550000000003
-18.7235
-36.92300000000002
-22.592000000000024
-31.54750000000001
-23.83799999999999
-19.860999999999997
-18.421499999999998
-21.86850000000001
-33.27400000000002
-19.3405
-21.707500000000028
-30.689999999999994
-22.300499999999992
-13.682999999999996
-34.0875
-26.786499999999997
-24.264
-22.548000000000005
-16.8635
-24.492000000000004
-22.443
-22.21400000000001
-30.813
-38.057
-19.646
-15.898
-39.881
-28.901500000000002
-16.760499999999993
-27.901999999999997
-16.860500000000002
-16.151500000000002
-29.535500000000024
-13.79949999999999
-33.20299999999998
-18.44300000000001
-18.594
-18.191999999999997
-15.115500000000004
-19.76149999999999
-27.546499999999998
-20.16799999999999
-13.465
-30.656999999999996
-20.119000000000014
-25.107000000000003
-26.534500000000005
-16.607000000000006
-30.155000000000005
-34.28149999999999
-15.881500000000006
-25.22450000000001
-24.885000000000005
-24.459000000000007
-18.1515
-22.597000000000005
-34.825000000000024
-29.665500000000012
-18.28250000000001
-28.819999999999997
-23.448999999999998
-29.47850000000001
-10.208500000000011
-30.868499999999983
-30.705500000000004
-21.6795
-29.17450000000001
-16.007000000000005
-16.081500000000005
-20.22
-33.177499999999974
-25.219499999999982
-23.3825
-22.455999999999992
-25.621999999999996
-24.881500000000003
-21.83900000000001
-23.48649999999998
-33.253
-22.293999999999997
-38.10699999999999
-25.990999999999996
-21.98100000000001
-17.49749999999999
-26.22999999999999
-21.5055
-18.3415
-15.1635
-16.803999999999995
-28.908999999999995
-29.422999999999984
-22.791999999999998
-26.02549999999998
-23.90900000000002
-12.0855
-12.073000000000004
-38.938999999999986
-16.292
-12.213499999999994
-26.80150000000002
-16.523000000000003
-31.163000000000004
-27.36649999999999
-15.243499999999997
-32.82850000000002
-30.187499999999993
-15.11600000000001
-25.665999999999997
-12.59950000000001
-25.800500000000007
-13.292500000000016
-46.03800000000001
-27.094
-21.160500000000006
-32.14200000000001
-16.94400000000001
-22.678500000000014
-25.163
-23.632000000000012
-20.797500000000003
-22.720500000000005
-31.99350000000002
-33.113500000000016
-27.125500000000002
-26.987499999999983
-31.389500000000023
-31.177499999999995
-35.897000000000006
-26.267999999999997
-34.84550000000002
-17.184000000000005
-19.267500000000005
-34.748
-30.60550000000003
-21.45450000000001
-27.589000000000006
-23.945999999999998
-27.414999999999992
-17.589
-26.45199999999999
-28.110500000000002
-20.121500000000005
-18.804
-20.597500000000004
-20.663500000000006
-13.277500000000009
-18.102500000000006
-24.300499999999992
-16.44750000000001
-19.1885
-21.667499999999993
-20.760499999999997
-32.07950000000001
-19.6445
-30.97900000000004
-9.776500000000002
-19.592
-20.511000000000003
-14.879999999999997
-13.433000000000007
-21.021500000000003
-32.272999999999996
-33.529500000000006
-35.78250000000002
-21.69950000000001
-34.69900000000001
-19.26900000000001
-17.34499999999999
-29.427500000000002
-20.668999999999993
-25.132000000000005
-19.703999999999986
-17.063499999999994
-29.143000000000022
-29.782499999999995
-24.588500000000014
-23.16499999999999
-11.700999999999997
-23.975499999999997
-34.75350000000001
-36.026999999999994
-32.101
-25.201999999999995
-21.087999999999997
-23.073500000000003
-15.024000000000001
-15.360499999999996
-15.597999999999995
-10.9035
-32.141000000000005
-30.402999999999984
-25.764000000000003
-18.441500000000005
-28.978000000000005
-25.563499999999998
-26.616500000000006
-31.815499999999993
-32.36549999999998
-17.129000000000005
-26.867
-25.209000000000003
-21.43249999999999
-19.2115
-20.686500000000006
-33.452500000000015
-24.278499999999994
-35.93699999999999
-28.08949999999998
-23.813000000000002
-20.24649999999998
-26.50350000000001
-23.817500000000013
-13.932000000000002
-30.188500000000026
-15.390500000000005
-31.533999999999992
-29.639500000000016
-20.236999999999995
-11.624999999999998
-11.990500000000004
-27.918499999999998
-19.520499999999988
-23.9495
-25.487500000000004
-32.724999999999994
-28.091500000000003
-40.72799999999999
-25.390000000000004
-25.62349999999999
-14.062000000000001
-27.958499999999994
-14.493000000000007
-30.9725
-17.378000000000004
-34.57600000000001
-34.39149999999999
-12.4925
-12.819500000000007
-28.898500000000013
-16.484999999999996
-19.986999999999995
-33.755500000000026
-16.138000000000005
-28.86350000000001
-23.83550000000002
-24.124000000000013
-24.8985
-17.841500000000003
-26.955500000000004
-23.098000000000013
-20.381
-20.677499999999984
-18.683000000000014
-19.381
-21.227
-19.442000000000014
-30.1435
-29.83699999999999
-13.279499999999997
-14.547000000000004
-17.844
-29.017499999999995
-15.450500000000009
-28.486999999999988
-33.134499999999996
-29.854500000000005
-32.204499999999996
-10.488500000000007
-32.06949999999999
-24.860499999999984
-20.744499999999995
-19.21200000000001
-19.3625
-26.213500000000007
-32.564499999999995
-21.348499999999998
-16.496000000000002
-44.96650000000001
-11.908000000000007
-21.959500000000006
-24.85300000000002
-27.3845
-20.029500000000002
-28.424500000000002
-22.07250000000001
-33.65900000000001
-33.036000000000016
-24.718000000000007
-26.074
-25.331000000000014
-31.257000000000012
-31.612999999999992
-28.715000000000007
-21.185
-16.6595
-25.272500000000004
-17.090499999999995
-31.793500000000005
-29.876499999999986
-30.022499999999997
-18.917
-41.649
-34.5815
-23.585999999999995
-16.431999999999995
-28.263500000000004
-23.4075
-14.129499999999991
-31.859000000000005
-22.19450000000001
-31.39899999999998
-13.615499999999997
-13.322500000000002
-32.44600000000001
-37.51350000000001
-19.036000000000005
-22.89950000000002
-17.786500000000004
-22.54199999999998
-27.318499999999993
-14.766500000000004
-20.07749999999999
-34.39649999999999
-15.187000000000001
-15.182000000000015
-28.240000000000016
-13.544999999999998
-31.420000000000005
-17.2585
-23.820000000000004
-29.462000000000007
-38.336500000000015
-12.887500000000003
-29.954000000000015
-26.32999999999999
-15.074000000000002
-19.540000000000013
-18.937000000000005
-23.687999999999985
-32.22599999999999
-32.908000000000015
-22.2815
-34.79900000000002
-30.04200000000002
-9.6775
-12.926999999999998
-18.395000000000003
-25.307999999999996
-29.93
-23.153999999999993
-32.36649999999999
-11.9485
-34.52549999999999
-19.4465
-23.330500000000004
-24.736499999999992
-17.1465
-24.440999999999992
-22.19750000000001
-28.99149999999999
-19.74650000000001
-24.075000000000006
-22.062000000000005
-21.708499999999987
-11.220500000000007
-30.71449999999999
-19.5655
-32.57799999999999
-14.296000000000006
-36.27600000000001
-27.73750000000001
-21.609500000000004
-29.325
-22.283500000000004
-19.497500000000006
-33.48449999999999
-33.67099999999999
-25.222499999999982
-17.468999999999994
-21.090500000000002
-27.83750000000003
-13.762500000000005
-21.7585
-31.317500000000024
-18.969000000000005
-21.984000000000005
-15.141499999999999
-24.806
-29.74199999999999
-9.888
-22.942500000000003
-28.152499999999996
-32.928
-39.396499999999975
-26.65349999999999
-29.245000000000015
-22.534000000000006
-32.86149999999999
-20.6945
-24.603000000000005
-22.1325
-17.540499999999987
-21.836500000000004
-20.058500000000002
-23.612500000000008
-25.956
-27.677999999999997
-28.945500000000028
-16.141000000000005
-17.969
-26.423999999999996
-27.809999999999995
-14.208499999999997
-30.758000000000006
-29.690000000000005
-18.7575
-22.283500000000004
-28.371000000000002
-27.711000000000006
-16.749500000000005
-21.075000000000003
-13.804000000000004
-30.700500000000005
-17.24249999999999
-25.05250000000001
-30.06199999999999
-16.462000000000018
-17.74000000000001
-27.463500000000018
-26.248000000000008
-27.12799999999999
-28.542500000000015
-19.203999999999997
-21.4705
-12.604000000000003
-17.061999999999998
-35.083499999999994
-15.596000000000004
-15.740500000000006
-31.7005
-31.025999999999993
-21.023500000000006
-33.22949999999997
-19.136000000000003
-13.204000000000004
-18.072999999999997
-29.44
-22.920999999999992
-35.610999999999976
-13.9435
-16.585000000000008
-19.1305
-23.728500000000007
-16.603000000000016
-14.412500000000003
-31.86250000000001
-21.349999999999994
-35.204499999999975
-19.265000000000004
-18.376500000000007
-20.362000000000005
-17.905499999999996
-37.23800000000003
-34.602000000000004
-25.130000000000003
-25.561500000000006
-19.7635
-21.23349999999998
-28.027000000000015
-35.43449999999999
-30.330500000000008
-19.553499999999996
-19.664500000000004
-15.504000000000005
-28.537
-18.374499999999998
-29.71049999999999
-23.640999999999995
-17.584500000000002
-21.16149999999999
-23.267000000000003
-18.119000000000003
-23.022500000000008
-23.284999999999993
-30.482999999999993
-31.847000000000016
-16.345999999999997
-27.422000000000004
-27.6235
-30.18449999999999
-31.72499999999998
-32.31849999999997
-29.784000000000006
-31.02650000000001
-25.91400000000001
-35.074000000000005
-25.671000000000003
-19.987000000000002
-15.413500000000004
-22.974500000000006
-20.033999999999992
-21.174499999999995
-28.138500000000036
-19.699500000000008
-26.967499999999994
-19.506999999999998
-27.062999999999978
-18.62350000000001
-21.955499999999986
-21.172499999999992
-17.5925
-29.77149999999998
-32.82000000000001
-38.784499999999994
-22.99750000000001
-28.63249999999999
-25.849999999999998
-25.100499999999997
-22.482999999999997
-17.757
-35.45599999999997
-23.310000000000002
-27.834000000000014
-23.639499999999977
-15.329000000000011
-18.298000000000002
-21.20800000000001
-24.821499999999983
-24.872499999999995
-11.305499999999995
-29.00999999999999
-36.124000000000024
-28.96350000000002
-30.077000000000023
-16.503999999999998
-30.796999999999993
-29.086999999999996
-36.07449999999999
-25.102500000000003
-26.314
-15.687500000000005
-12.036500000000007
-24.367499999999986
-28.77500000000001
-16.88900000000001
-30.142
-24.784
-23.589500000000008
-24.104499999999987
-21.785000000000004
-28.804500000000004
-29.106000000000016
-17.761999999999997
-32.10100000000001
-26.123499999999996
-20.170499999999993
-19.987499999999997
-36.0785
-20.009999999999998
-25.46
-19.875500000000002
-30.3445
-25.829500000000003
-12.8205
-24.136999999999997
-20.8035
-14.8595
-18.572499999999998
-29.52950000000001
-28.070499999999996
-23.27600000000001
-17.64
-12.776000000000002
-31.062000000000026
-25.245999999999984
-24.320500000000003
-24.615
-27.865000000000006
-26.42449999999999
-35.94949999999998
-25.024000000000004
-25.1475
-30.033499999999993
-21.420000000000012
-21.9455
-20.609499999999997
-22.54750000000001
-20.86450000000001
-21.686999999999998
-17.633
-28.20550000000002
-28.314
-36.86999999999999
-24.7625
-27.995500000000014
-22.871000000000006
-23.624999999999993
-32.82400000000001
-19.298500000000008
-13.952999999999996
-29.42150000000001
-20.152500000000007
-25.715499999999984
-37.54900000000001
-29.99399999999999
-24.913500000000003
-17.343
-18.28
-15.071000000000002
-26.867
-24.53449999999999
-28.484999999999992
-32.795
-34.91150000000002
-35.31700000000001
-19.657499999999995
-14.821999999999997
-22.059
-19.784000000000002
-27.74350000000001
-27.765500000000003
-33.27399999999999
-32.78699999999999
-23.217499999999987
-21.86950000000001
-22.727499999999985
-26.613000000000003
-24.22650000000001
-23.571000000000012
-28.905999999999985
-22.562500000000004
-21.8465
-25.83950000000002
-36.91000000000001
-19.457000000000004
-28.082500000000003
-33.54049999999998
-10.681000000000001
-28.021999999999988
-26.203999999999994
-33.25500000000001
-22.594
-20.351999999999997
-31.744999999999994
-28.974500000000013
-27.09349999999999
-22.06199999999999
-18.515499999999996
-26.389999999999993
-26.37350000000001
-33.368
-27.863500000000016
-24.838999999999988
-27.073000000000004
-23.467000000000002
-35.26049999999997
-21.504999999999995
-15.1095
-34.40950000000001
-20.793499999999998
-25.468500000000006
-31.343000000000018
-23.03100000000002
-35.2205
-31.100999999999992
-29.06349999999999
-26.29500000000001
-16.487999999999996
-23.98049999999999
-11.604000000000001
-23.007000000000005
-28.379500000000007
-23.789500000000004
-31.476499999999998
-24.271499999999985
-17.589499999999997
-35.23199999999998
-20.5
-29.29650000000001
-28.605000000000015
-34.09750000000001
-16.465
-19.59300000000001
-10.394500000000006
-24.6975
-29.450500000000012
-21.04149999999999
-31.318000000000023
-13.0585
-25.12400000000001
-34.377500000000005
-14.136999999999999
-37.286000000000016
-18.575
-22.700499999999995
-17.22950000000001
-21.7485
-27.634999999999994
-26.29100000000001
-29.727500000000003
-19.728999999999996
-23.355499999999992
-25.09900000000001
-22.92599999999999
-25.855000000000004
-27.385500000000015
-23.121000000000027
-22.507
-30.328000000000003
-24.420999999999992
-29.377000000000006
-16.1755
-36.360500000000016
-35.602500000000006
-21.72049999999999
-26.3075
-31.882499999999993
-24.52949999999999
-9.588999999999999
-18.340999999999998
-21.45799999999999
-37.3935
-23.8425
-20.1425
-13.1795
-22.333
-25.385000000000005
-26.21500000000001
-33.791
-25.56399999999999
-20.983000000000008
-14.271999999999997
-25.87749999999999
-28.64049999999999
-23.335
-20.99500000000001
-15.726
-25.693500000000004
-28.281000000000006
-25.865500000000015
-21.462
-24.414500000000004
-34.73350000000003
-27.239500000000014
-34.320499999999974
-36.2825
-17.789000000000016
-27.779000000000025
-23.98499999999999
-21.740999999999993
-33.2115
-33.59700000000002
-26.372500000000002
-22.397
-17.577
-18.294500000000006
-27.813999999999993
-12.092
-14.948499999999994
-21.549000000000007
-27.803499999999996
-24.611
-31.19450000000001
-26.772999999999996
-23.030000000000012
-31.70300000000001
-23.479500000000005
-23.67900000000001
-31.792499999999993
-22.05249999999999
-23.469500000000007
