0
2800
3100
2300
4100
3100
1600
3900
4300
2300
5000
1800
200
2400
2200
700
1300
3500
2100
4300
2300
1500
1800
1700
2400
4900
5200
3600
2400
3000
3400
5400
2200
3600
3900
4500
1400
1600
4200
2400
3800
6200
4700
8000
3700
5200
3400
3000
4000
2900
3600
2700
1100
7300
1900
1500
2500
7500
8000
2000
4300
6600
2100
5000
3100
4000
4200
3500
6500
3700
300
4200
1300
1800
1400
8300
3900
2800
1300
1700
2300
5000
2400
6500
3000
3000
3300
5300
4100
2900
7000
6800
10800
2400
2400
3700
2500
1900
2400
3500
2200
2100
4600
1300
2200
4400
5400
2600
3700
1900
4300
800
4100
2000
2200
1300
5200
4200
900
2300
1900
5200
2200
3000
4000
2400
7300
1600
2100
2100
1700
2900
3300
900
1300
3300
5100
3200
6400
3600
600
2600
4000
10400
3000
1700
2600
1400
4100
4900
3600
600
2900
4600
4200
4400
2700
3700
1200
2300
4100
5300
3600
6100
2100
1800
2900
9200
3300
3200
1800
4000
8500
5100
3000
2700
2100
1400
4600
4700
2600
5100
1900
3000
1200
2800
2200
3500
7000
8000
1300
3300
3700
2700
5200
3100
4900
2700
4500
5600
2200
4000
4200
3800
2600
900
4900
4600
2100
3700
1100
3200
5700
5000
200
3200
3900
7300
6000
2400
3000
3900
8200
500
1100
7000
4900
6400
2000
2600
4100
4000
4500
2700
4900
3500
2600
700
5000
3900
2300
1300
4200
3600
8400
3400
5100
1700
4800
7200
3300
5700
1600
7200
1600
2200
1300
4800
2900
3000
8200
2500
5300
7300
3000
2100
7000
3000
4500
900
5100
3400
2200
800
2900
1700
5300
5100
3100
2900
4000
1800
2100
6300
3500
5300
5600
5700
3500
5200
2600
4800
4300
10700
700
5800
2900
6000
5000
4100
4300
3000
1800
2500
6600
4300
3100
4500
2200
3100
5100
3700
4000
2600
3500
4200
3700
6400
5000
2900
2800
7400
1100
7300
4000
2200
2300
12300
5000
2400
2600
4400
3500
2000
2100
3300
8100
5800
6500
1100
2600
1700
4700
2300
6700
5600
5300
5900
2600
8600
1600
3100
1900
9300
4500
4700
4800
1700
4100
2300
5800
5400
3900
2700
10800
3600
6700
3400
3000
2900
4300
5500
5000
1000
3000
4600
4500
5700
3000
3200
7300
2200
2500
6800
3500
2400
3000
5300
4900
4700
5400
3100
5900
2000
3700
1600
5600
4100
4100
4100
7500
1900
3600
700
6700
2800
3800
5300
6300
3000
7400
900
10500
3900
7200
2400
4800
3800
3400
1700
3900
2600
7200
5700
1500
4300
1500
3400
8100
3100
4300
3300
9200
2700
6700
6600
2900
600
6000
9400
1100
3300
2100
2600
4800
3600
2400
4200
3200
2200
4200
3200
6200
3900
5900
2000
4500
5100
5700
5100
9000
7200
4300
2100
2700
3400
3700
4900
5600
1500
8600
7100
2100
5000
3100
6400
2500
7100
2100
2000
4600
5200
3900
5200
5200
4600
5500
2300
4300
7600
3400
8700
3500
3500
6000
5000
7600
3500
5100
4100
1500
3400
4200
5600
3400
1300
4100
4900
6300
3700
3700
3400
3400
6600
3000
2300
2400
3500
11000
6500
3600
4100
4800
8700
5100
3000
3800
4100
11000
2200
5300
2900
3800
3600
3100
5300
4600
1500
8900
3500
1800
1400
7600
5600
7400
4100
2600
100
4800
5100
2000
2700
5200
7800
10400
4300
1700
4000
2900
7600
3000
1900
6700
5600
900
2600
3900
3100
3800
5500
6000
1400
4400
5100
3400
500
2900
6700
4100
1900
1100
6100
1800
3200
5300
2800
4600
1700
3000
2900
3500
2500
10200
8200
4900
3100
10900
2000
3500
3000
5900
800
3800
2200
3400
2200
3500
5500
4100
5300
3900
4300
1300
3300
5700
5800
4200
900
2200
2800
2600
10100
3400
3000
4800
6300
10300
5800
4900
1900
3400
2200
3200
3200
4600
8800
5500
7100
11600
2300
4100
2600
2000
3400
8000
1800
3400
4000
6900
4300
3900
4300
10100
3400
2800
2800
3800
2500
2100
2700
3900
3200
5700
8100
4900
2200
4500
1800
11500
7300
5400
5100
8700
8400
4700
6200
3500
9100
6100
2900
2400
6400
2100
7200
1900
2200
5900
8100
3400
6200
5500
4500
3500
2400
4500
3200
8100
4300
9900
3700
9100
5900
5300
2800
8000
5100
7500
7200
9800
3700
8500
1700
5700
6100
2500
2500
4200
1700
3500
3400
4800
4700
4600
2700
5000
4000
4300
7100
7700
4200
4400
5800
5600
4500
1600
9100
2900
4100
4300
8500
5100
7500
3100
2800
2300
3500
2700
3500
4500
9600
7600
4700
8200
9000
6400
2100
3700
2800
3200
4900
5900
8800
5800
3400
7100
5200
6900
5300
2200
11400
4100
9000
2300
5400
4800
8700
3400
5000
2600
3300
6600
2100
1200
8900
5300
5100
5000
2000
4400
11300
10400
1800
2900
2400
3900
3200
3400
7000
8400
2500
5200
4200
1800
3400
5300
11800
6100
10800
4900
4100
4800
5100
3000
5900
12000
2400
6100
3600
8800
1900
3400
4500
7600
8500
6900
2700
5300
6800
8200
10500
4900
1700
5800
5800
2100
6400
5800
5900
5300
2700
10900
4300
5100
2800
3600
3400
2900
6600
8000
3400
2700
11400
6400
10400
3600
5400
5900
6300
6000
7200
7100
3300
2900
2500
4400
8000
9500
10800
4500
4500
2800
2900
3800
3600
2600
10900
1600
4100
7000
3800
9800
6200
6300
5900
6800
5300
2900
6300
4500
8600
7000
2000
5400
4500
6500
5800
4900
7700
3200
3600
6400
11100
11500
4600
9200
1900
3900
4200
3700
5800
2900
3900
6200
11200
7400
3000
2900
9100
8800
7800
5600
7000
3500
2300
11100
3500
5400
2700
5100
5000
7700
9400
10800
5600
4000
4500
5500
2900
3400
3400
4700
1900
300
9100
8500
10100
11400
1000
10900
5700
3700
5100
5100
4000
2700
6900
1400
2100
4700
10600
2700
4500
12000
8900
2100
10900
2500
3300
12100
3100
5000
3600
9500
8400
4600
2000
6200
4700
5600
5000
6800
4600
5700
8100
9100
6300
6000
9200
6000
2700
3800
6500
10800
3500
5400
9400
6000
9000
4700
9200
4900
9300
3700
4300
5400
6400
8000
3200
5800
6900
11000
4000
2700
9800
9900
11100
2300
2700
10000
6100
4100
3500
10000
5300
5300
2000
3000
4600
11100
10800
4300
5800
2000
3500
3500
5900
6900
4100
4700
6100
4600
3600
2000
6300
7500
8600
10500
4400
2200
3600
2100
3600
2500
10800
5400
10000
5800
4200
4000
2100
1900
1100
3200
2900
10700
7400
7100
8000
7500
3800
3600
9200
7700
6900
4500
5100
3400
6200
9600
5000
11200
10800
5200
3400
6300
3300
4900
6600
5100
4000
5100
11000
8600
3300
4700
7100
5500
7100
8900
2800
6700
11300
9000
7100
2700
11600
4100
5700
11000
7600
11700
7100
2800
800
8100
7000
5700
7600
2200
1800
3800
8100
4400
11400
10800
6600
5300
5900
2300
2700
6100
4100
5900
4700
1800
5700
11100
10900
7700
4800
3300
3700
7300
3600
4600
5200
6700
5000
4000
1500
8900
6000
2300
7400
3800
9500
7900
2500
9100
5000
12000
2700
11500
9000
4800
2200
4400
2100
11800
2600
3500
10200
8200
9200
8900
4300
7500
3200
3000
4500
1200
7600
3800
4800
8900
3200
5300
8900
4600
5900
10800
6900
4600
5100
2800
12000
3100
4800
7400
8700
7400
1400
3900
5600
9000
1200
2900
9400
3700
4200
3200
12600
4400
6300
4900
7100
8600
6300
2500
6100
9400
7000
4800
7600
11300
11000
5100
3000
3700
11300
4100
2600
2800
10900
8700
5100
8900
8200
4300
7200
4700
6200
5300
3200
7400
8100
9900
8100
3600
4900
5800
3700
7800
8400
4800
2700
4300
8000
3200
7500
7100
5100
1500
3800
4100
4700
6800
10800
7800
10700
3100
6800
9900
3700
2400
7200
4200
7500
11100
7800
3500
10900
2400
4600
6500
5700
2700
2000
4400
3600
3200
3600
11000
4500
6800
7300
3600
2300
11100
7500
5400
3200
7800
6900
2700
4800
8400
7800
3300
6700
7800
5600
9000
9300
6000
5400
3000
9700
5200
4700
2800
5500
4500
4600
8800
4700
1600
11100
4300
2600
3600
6700
3800
4100
3400
3300
8000
3300
4200
6200
10400
2000
3800
11800
3800
5800
7200
4000
11600
2700
6500
4000
12200
7000
4700
3800
10200
10500
4700
2100
7800
6200
10900
3900
7000
2500
4100
2700
5200
6200
4000
7200
11000
9500
7100
12200
8800
10700
2400
7500
3900
1500
10500
5900
6700
9800
2200
10700
7000
6200
5600
7500
11200
8300
6300
7800
4600
7900
4400
4600
10800
4600
6200
10200
5700
2700
5800
7500
5400
8800
10900
5000
5000
9700
10900
10900
12000
2500
4800
8400
6500
8000
8100
2400
5200
7900
7800
5800
11000
11500
6000
4000
4600
10200
6000
6300
10700
7500
11000
11300
4400
3100
2000
2200
1900
3900
5900
10800
6700
10500
8300
6700
5700
11100
6800
10900
3500
11500
5100
10500
6700
6600
3200
6900
6600
5300
11000
8900
11800
8100
11700
5800
4400
11900
10500
4700
3800
3600
10700
3600
11600
3600
3900
5200
8000
11800
4400
7800
8300
8900
7400
9700
7200
2100
11400
8100
6100
7800
10800
2500
10500
10300
11800
11300
11000
10100
4700
10800
10700
10900
6400
7000
3900
10100
6700
5400
6000
6000
4900
6400
5600
3100
5300
7300
11800
5700
6900
11200
10800
2800
10800
700
4900
4700
11400
6200
3700
2000
3400
1200
7000
6600
11900
5000
3800
11200
3400
2600
5800
7700
2500
3300
10500
11200
5900
3100
2600
6900
5100
9700
5500
5100
10500
10800
5800
4900
9600
10900
1900
3100
6700
7000
5700
6400
9100
6200
10400
10800
2700
2000
4100
7100
7200
2700
6000
5800
11200
2900
7200
8700
8300
10000
11200
2400
9200
7600
11200
9400
4000
5500
10900
2900
7800
3600
4800
8100
11200
9000
6800
3400
10200
4400
12300
11200
6400
3200
12000
9100
10400
7900
8700
11400
5400
4500
2600
7700
10400
5400
8000
6900
6800
10800
1700
3800
9600
5600
8700
7400
3500
2700
11900
7200
7700
6500
8000
11100
3500
900
6500
10700
6700
8400
7100
3800
4500
4800
6700
7300
6200
5100
7900
10900
11200
4100
9400
11200
5900
4200
11000
11800
10700
5800
10800
5500
4900
10700
9600
6300
6600
6800
5900
2700
9200
7600
6100
5700
10800
4500
5900
5000
4700
5800
8600
7100
4900
4700
9700
6800
4400
6100
7400
4800
11500
2600
4800
5900
11700
4400
6500
7100
4400
8900
10500
9300
12000
10800
10900
11900
11500
2700
3900
5100
3900
11400
6100
4800
2000
3700
9500
8000
3600
5300
9400
7400
9900
4800
10900
5100
12300
3000
4900
11300
9600
6100
9400
8100
5300
5800
8000
2900
11200
4300
7900
5100
5800
10900
6200
11700
8900
10200
3700
8200
6900
9000
6500
10400
4700
6000
8700
9200
8800
5000
3200
7800
11000
7900
6300
9900
11200
1900
6400
2300
11700
4600
4100
4700
11200
11600
5800
9900
10700
10200
6700
7500
11200
10100
5500
10600
7200
9200
6400
4100
3500
8000
3000
5900
10700
5200
11100
9000
6000
9200
10400
3600
6800
6700
7100
6600
10800
10000
10700
10600
9600
7100
11800
3300
3900
10900
4900
7300
9200
8400
3600
9600
7100
8600
8300
3600
3600
7400
11500
11700
5300
4000
8000
8400
5800
11500
11600
6900
11700
6100
9000
6200
3500
11400
6500
9800
6700
5500
4600
9400
9700
5700
3500
4900
9000
2300
7400
8700
9900
4200
12400
6200
10600
3700
10600
5700
4800
5000
7800
2300
4000
5000
10900
11100
3900
8900
10200
11800
10600
11100
7900
5400
11700
6700
9200
11500
5800
11100
6500
7300
11900
5500
1400
7000
2100
8300
12000
8600
11300
5100
4800
7200
7900
6300
8500
5100
4700
5800
7400
5400
5800
7000
10700
11300
10300
3400
7900
9500
10700
2800
5800
4500
8900
4500
2300
4600
4900
8900
6200
5800
7200
3000
9500
9700
5700
7500
9500
9500
11000
4700
11200
11400
5800
3700
2400
2200
10100
7700
9100
10900
6400
12000
9300
11600
10000
7300
4800
5800
4600
10000
8400
10500
10900
11600
7800
8200
6400
4900
11100
11400
4600
4700
10400
10800
10300
11200
9600
4000
4200
7300
11300
5300
10700
6400
12100
9500
7500
10500
7500
1800
10900
12100
3800
7300
10700
11000
5000
9700
4600
9200
7300
10700
4400
8300
4200
9400
8600
10600
7400
4500
1700
6700
8500
10800
6000
4900
10800
2300
9000
6500
5800
5400
11800
12200
3300
11000
11800
8100
5500
4500
7200
3400
6600
12100
8100
11000
11400
7300
7800
12300
11400
11200
6500
9800
11300
8600
12600
7100
8900
10600
11500
3700
6000
10700
5900
4100
6200
3200
11400
8600
4200
7500
4500
3600
3300
6700
7200
5700
10800
11500
10000
3600
10900
8700
11600
10200
2900
10600
8900
8100
6200
9300
9800
10600
10000
10200
8400
2100
9500
2200
9900
11200
6800
11000
12200
5900
11900
6400
11700
12300
5500
5700
11200
10800
11300
8200
3500
6100
4900
3500
11100
11100
4200
3500
5600
7900
10000
10600
9300
7200
5600
2400
8800
10800
2300
11000
13100
4100
3200
10100
5300
4700
10000
3400
4600
4000
10900
3100
11300
11700
4300
11000
6100
8200
9800
8300
11300
8900
7300
7600
11600
7700
7200
8200
10000
4200
7700
8200
11100
9300
11200
8800
6500
10600
10900
5900
11500
10900
10400
10300
4000
8900
10800
5300
4100
6200
7400
1900
9200
7800
11900
6500
6100
9100
6100
1700
11400
2600
7800
11400
4100
5800
6000
4800
7300
9800
7900
6800
3700
11000
3800
9000
10000
2100
8900
5700
9800
7900
9500
5500
12400
2800
4500
7200
6900
2900
9700
3200
5200
7100
5900
10800
3700
2200
3000
10600
3600
4200
11000
6500
2300
5000
7900
5800
11600
8400
6100
11600
6200
10800
4100
8500
9000
4200
2000
5800
10600
5700
4700
3500
4900
8900
5400
6100
11800
7100
11300
7800
7300
6500
10700
5400
6900
5300
10800
11200
11500
8600
10700
5300
4800
4300
4400
3000
3300
5200
10900
10800
6300
3000
11600
4800
9500
8200
11000
8400
11400
11300
9900
4500
10900
12300
3600
11000
11600
5100
5400
11400
5500
12100
9300
8100
11000
10800
11300
3800
2700
800
11300
5200
5500
11900
9900
11000
6200
1100
11000
10900
6600
4600
11900
3900
6900
3800
3600
4400
11200
11200
11600
8400
10300
3500
3500
4600
10700
11300
11300
9100
6300
9200
4300
7400
7100
3900
7300
10500
11600
6800
2400
8000
10700
6200
10500
5500
5400
8200
10600
7900
6400
5800
4800
6400
3700
4200
5900
10000
3100
8200
10900
8000
11100
10900
5200
2300
6600
11900
11900
8000
6700
4700
11600
8200
5300
4500
7400
7600
11600
8500
8700
2400
5000
11500
6800
11500
12100
11100
6200
11000
10300
8400
8400
11800
8900
11800
7100
7000
5600
5600
11500
11900
7100
8500
12200
7300
11400
11200
7100
10400
10700
10200
12000
2900
9800
3600
2600
5400
7800
9700
3900
7600
10200
10800
8400
4800
8300
11500
10900
5900
8200
11800
4400
11400
6300
6600
8800
11000
6600
9100
11200
9200
4500
7000
7000
11100
11100
10900
11200
9800
6000
11700
8700
11100
10200
6900
4300
7100
10900
11900
4200
10300
10900
5800
8100
3800
5300
8300
7800
2900
8300
3400
6300
7200
5300
9900
10600
10400
8900
11000
11600
10700
2100
6500
9600
12700
11000
6300
8800
7600
11300
11800
12100
11100
6200
3700
3100
6800
5900
7000
4200
6600
10900
4900
9900
11300
7100
10500
4300
7400
6800
10300
7800
3300
8300
10600
7300
11200
8000
3400
7200
10700
11200
7800
8500
8900
11900
11700
7200
5900
6000
6900
3700
9600
10700
3800
5100
4700
5400
3000
11400
12000
11700
9000
10700
12400
11300
12200
10100
3300
5600
11300
7000
11400
5400
5000
9000
4200
6300
5400
8000
12400
6000
11000
7300
10800
11000
7400
5100
9100
8800
3400
11800
10600
5600
7000
1200
12100
8900
8200
8000
11800
3000
4300
9900
7100
11000
11300
4200
12300
11300
11400
3200
8800
10900
10600
11700
3800
6500
5000
4700
11600
10000
11000
8200
7300
11900
9100
3900
11500
5700
8300
3100
11000
8400
8700
11900
11200
12200
11300
11200
5300
8400
11500
11300
8500
11000
8900
9200
5200
10200
10700
9000
1900
9400
11100
10500
9200
4800
9700
7500
5400
8300
11600
3200
10700
11000
1400
11100
11600
7000
3000
11300
2800
4900
11200
5500
11400
7100
12400
10400
5500
3900
10000
2100
7500
3500
11600
10100
11800
6300
12000
4900
9800
11200
8200
7000
9900
11500
5600
5400
10600
5400
11000
10100
11100
8800
10800
11200
10900
8200
11300
11900
11400
11100
4200
9200
8500
9500
9700
11200
4800
5900
10800
5800
3500
12200
4700
2400
12100
10900
4700
9200
7600
11400
4300
4500
7100
7600
3100
8600
11300
11200
7700
8400
2000
11100
11700
1300
12100
5500
12400
4000
11200
11300
6100
5300
9200
8700
11100
9400
7100
6900
10400
3500
7600
9800
10900
11300
10500
8500
11500
9000
11300
6100
8000
10700
11200
10300
12000
11400
3100
10100
10000
12100
10300
9600
10800
7800
9500
2400
10900
7500
11300
11000
6300
12900
6900
11700
11400
7700
12400
11400
6300
4900
10900
5500
5000
8700
7200
11200
8400
9500
12300
11700
7000
8000
11500
6900
4600
10200
8200
7400
6600
10900
11400
9400
6400
2900
10100
11700
6400
11400
6800
10900
10000
8300
4100
4200
10600
12100
11500
10500
11800
11400
11200
8300
7700
10600
11100
6500
11400
11500
7100
10600
9100
10800
10800
6600
4300
11100
3000
11500
11100
11000
7700
4900
6100
11400
12100
6300
5400
11900
6000
12000
10600
12000
8300
6700
5100
6400
8400
6100
11100
9500
4400
12200
2600
11700
11300
4600
11700
11500
5900
10100
10600
9500
11100
10700
12600
6000
11100
11600
3100
10700
3400
5700
7700
6600
7100
11300
11000
11300
6200
6100
11000
10900
7800
8300
10800
5300
11000
10100
10000
11900
4700
10100
10400
10900
11700
8200
7600
7000
11700
3800
11000
8300
6400
7900
10900
8700
7100
11200
11000
10800
12200
11700
7800
11600
11500
5600
9400
12200
4100
11300
11500
7200
12300
6100
8100
6800
11400
11400
3000
8800
11200
4400
6800
12100
11300
11700
4800
4600
11000
6000
5000
11000
10600
10600
11800
6000
11800
10000
11500
9200
10900
11600
6800
10400
7600
5600
6300
11200
10200
10900
4800
9500
6100
8300
6500
11700
6000
8800
6400
4600
3300
7300
10900
10700
2700
11100
5700
11000
8400
7000
7100
4800
9100
9300
12100
11100
11000
7200
11800
11400
8200
6500
8300
5700
11500
4100
11000
6500
3700
11600
11800
12000
11200
4700
9000
8200
11700
5200
7700
11100
11500
11600
12000
11100
7800
4800
12000
11100
7800
11000
4700
11300
3500
10500
9500
7500
7300
3000
11200
11300
8000
9600
3200
10600
11700
12900
4400
6400
12000
6700
10900
11000
7600
8500
11000
9000
7500
11300
8600
11900
10400
2700
3500
11300
5300
6500
3900
3200
11700
7900
11900
11500
7400
7800
11000
12300
12200
8300
5100
3800
7400
11300
7000
7100
6300
11400
9100
11100
6800
10900
8400
11300
8700
8400
11400
11200
8600
9800
8700
11800
5400
2000
10600
10400
6500
8300
11800
11100
10600
11600
11800
8900
11700
11500
8100
11000
10800
10700
11200
11100
11200
11300
5100
12200
11400
12200
10900
4200
6900
8700
10900
12800
11100
5900
3000
10600
10200
5700
11200
12100
4900
7000
10700
8400
9000
11800
2200
10800
11500
10500
11500
10600
11400
4100
12100
2100
5900
11400
6700
12400
11900
5500
5300
10900
8800
11200
7700
12000
5800
11300
2600
5600
5600
11900
5000
3000
12300
11700
2200
11100
11800
3400
11700
5900
5700
7300
7800
5700
11300
11500
5900
11700
5500
11000
10300
6500
11400
4300
11400
11500
7000
11900
10100
6800
11000
11700
9700
11100
5600
7200
3000
9900
10200
11000
11300
3600
11700
11500
10900
11100
4500
11400
6700
11400
11500
8000
11500
11800
11200
11200
12200
11900
11200
11400
11400
5300
9900
7900
5500
4100
12400
10800
11800
10800
11400
8300
10900
3800
11100
11100
11300
6700
11100
9700
10100
9800
2100
10400
11600
11500
6100
11300
13300
8000
2500
11700
10700
5200
11200
10000
10800
9900
9100
11000
9800
11500
11900
11000
6200
7600
11000
9000
11200
9800
3100
10700
11800
4400
4300
11800
12000
11800
10500
6500
7800
6800
7200
8700
6700
10600
11000
9200
10800
5700
5800
11200
10300
10400
11900
11000
6900
4900
10900
11100
11200
11400
11300
11400
9200
7500
12000
11500
7900
9400
8200
12300
11200
7400
12100
5700
12500
11500
11100
8900
11800
11700
11500
10800
10800
8400
8900
10700
11900
12000
6700
7900
4600
5700
11200
4100
11500
11400
8900
4900
9700
12500
10300
12100
8400
11400
9500
3600
4400
11700
11400
8500
9200
11600
12100
9700
7000
4600
3800
8800
7800
8500
11300
10600
11300
8000
11100
7800
6100
11300
8800
10700
12400
10100
5500
11300
9000
11500
9800
11400
5000
11600
2500
11400
12200
11000
8100
8300
4400
9300
11000
11500
13400
11400
11200
11100
10700
8200
4100
2300
11200
11500
3900
7300
9800
11100
11900
11200
6900
5600
9700
11400
11800
6900
4100
5100
7700
11800
3000
8600
5300
12100
10400
10900
11100
5400
5300
11100
11500
10900
10300
10800
11100
5600
9000
11700
11600
8200
10700
11600
12000
8100
8100
8300
11700
11100
4500
11400
10700
11000
8400
10800
11300
11900
8900
6000
11100
7500
10300
11200
6800
8400
10700
7600
10600
8000
8900
11200
2200
12200
11500
4500
7600
11400
9700
11300
5500
11600
10900
7700
11600
11500
11600
5700
11300
5700
9300
12400
9700
10400
10200
4200
9700
5600
10500
12200
5000
9900
10600
11000
11500
4700
5600
2200
11100
11900
10900
11100
10900
11400
11200
11100
10600
11300
11400
11900
11200
11400
10200
11000
7100
7300
9900
10800
12100
2600
11200
8000
10600
5700
11100
6100
3000
12300
11300
11400
11000
3800
10900
10100
9800
11000
8800
11600
3100
8200
8500
11500
11900
11300
10400
10900
11500
11100
11300
9500
7700
10800
10900
11100
10000
7000
11500
11100
6400
10900
4400
5800
8000
12100
1900
6200
5100
10500
11100
12500
8500
10600
5900
10400
11700
5300
11400
12000
9500
10200
11900
10900
7700
7700
6200
11800
12300
9800
12200
11600
11300
11900
9100
5800
11600
11400
8900
11100
10300
11500
12200
9000
3100
3800
12400
11200
6900
8900
9900
5600
11800
11400
12600
7400
10100
6800
10300
6200
11200
11000
5900
11100
11700
11400
10300
7200
12000
6500
11500
11200
11800
10800
11500
10800
9200
12000
11100
11900
11400
4400
9100
12100
11600
6500
7900
10800
11400
11400
9200
10900
11200
11400
7100
7700
11300
11300
10400
9400
11600
10100
12200
12300
11000
5600
10800
10700
10800
10100
5100
12500
10400
12100
12100
11400
12200
4400
11800
11500
11500
8900
11600
6500
10700
7500
11300
8100
9300
6800
6600
10100
11300
4600
7700
12500
8800
11300
12200
10700
3500
11800
10100
3800
11300
11300
10500
3100
12800
6400
9700
7800
11400
11700
5600
12300
4000
11600
6000
8500
9300
11000
8600
2700
11300
11400
12000
10900
6300
11500
11100
12000
11500
4100
11500
11400
11300
11900
11100
5400
5300
10800
7900
12000
10900
11000
11400
11700
11000
9400
11000
10900
11400
9700
11900
11100
10000
6600
10700
9500
11600
11800
11000
11200
10100
11800
11800
11100
12300
5300
13000
11400
11000
5700
3000
11300
11100
11500
8100
7300
11800
11500
10800
10600
8000
10300
9100
11700
11700
7100
10900
12200
3100
11100
11600
12200
5100
11800
7900
7100
11000
6700
9200
11600
11900
4400
7300
11500
8900
12000
12500
11100
11700
12600
7000
12500
8900
4500
6200
4000
11700
12100
11100
7400
11100
10600
10700
12000
5800
10400
12100
12300
11100
10500
11400
11400
12500
10400
8700
10900
11000
11100
11800
10500
10900
10000
7900
11000
11700
11900
8800
6100
11000
9800
12000
11500
11000
12100
11400
6600
12100
10400
11100
12400
6100
2800
11000
11700
11300
11000
10700
11200
5400
11300
7700
10900
11100
10800
12200
11600
11100
11600
12500
12000
10900
11500
9600
11800
11100
11700
12000
9200
8000
7400
11800
5500
11700
11400
6100
12800
10900
6700
11600
5400
12000
8100
6600
11500
5200
10500
11600
10900
8600
11300
10900
11000
5100
12000
11300
12100
11500
11000
11900
7300
10200
11300
11100
6800
2900
9000
11300
9600
11000
8500
9000
11200
8200
10100
10900
7900
12000
11400
11400
8600
2900
6900
11100
10600
4600
10900
6200
13000
9800
10900
12300
11200
12500
1100
12200
8500
10600
10800
11900
11400
11800
11100
7100
11700
11400
11500
7200
8100
9400
11800
12000
11000
7200
5200
6900
12300
7000
11900
4100
11800
9500
11600
11000
4700
10800
13000
9100
7400
11800
11800
7800
12600
11500
8600
12600
11400
10600
12300
11300
12800
6800
8600
11400
11600
10600
11300
10800
10000
10900
7800
11600
11200
11100
11400
10000
12300
12200
11000
10900
3900
11200
8800
12100
11000
6600
11000
11100
11400
9800
11100
7400
5500
5600
11800
10800
11800
11100
11100
2400
11800
11300
10400
10600
10800
10700
11700
7800
11500
11300
11200
11200
11500
6200
11500
10700
8500
6800
10800
6800
3000
11500
11500
11400
10500
11800
4900
11500
11300
12100
11800
12400
11100
12300
8400
11200
7800
11700
8700
12700
11700
11200
7200
3700
9200
12000
10000
5700
12100
11300
10600
11300
8000
10800
8700
5900
5800
10900
11300
6100
11600
8900
11100
8800
12500
5700
9500
10000
11900
8100
10700
10900
11300
11500
10600
11600
9300
10800
11000
5700
8200
12300
9400
10700
12400
11600
11100
4100
12200
11000
11700
11500
5100
11600
10200
10900
11500
11800
11600
11600
5500
11100
6600
10800
12100
11400
10800
11400
12000
11300
11300
11100
11300
11200
11200
4900
11100
9300
11000
9300
12100
6500
8600
10500
4500
10400
7600
11900
7500
4500
11200
11600
9000
11600
9500
11500
11400
5600
10600
12000
10200
10700
11100
6700
11300
11700
11600
11300
11400
6600
11800
12000
11300
10100
6000
11600
11000
6900
12200
10100
7300
6300
6400
11800
11400
8000
11700
10800
11200
7300
3400
11200
7200
4100
7100
3000
3300
11000
12100
10300
5800
4100
11200
12100
11300
12200
4300
11900
10800
12000
9200
11400
12400
10500
11500
11400
11300
8700
12000
4700
6300
12000
10900
5300
11100
11000
10800
12000
10100
9800
6800
9500
6100
12400
5100
9500
11100
9100
11900
11400
11000
11900
11700
10900
11400
9900
6900
5700
12200
8300
11700
11900
12100
5100
11300
8600
11000
8000
11100
2800
11900
10800
11800
12500
12800
11600
12000
11000
5900
11300
11800
11100
9800
12300
10300
11500
10600
10200
7000
12200
12500
10800
9800
9300
11800
5800
9900
10800
11600
11600
11900
11000
9000
9100
11200
11200
5100
9100
10500
11300
9400
11200
9200
12600
11600
10800
11500
11100
11500
5200
11600
5400
11900
11200
10200
11900
7800
10800
7100
12200
13400
11800
5400
3200
11300
10600
10500
7900
10000
11100
11000
13100
12400
11000
11200
11600
11000
12000
11200
11300
11300
10800
12000
11900
11500
9700
10900
10900
11800
11900
4800
12800
11700
12000
9000
10600
11400
8100
11000
6700
11500
11600
11500
11200
7500
11000
11900
7900
4200
10700
11400
10900
7800
11400
13100
12200
12100
5500
11600
12100
11700
11500
10500
12000
12200
11100
12400
10900
11200
10100
8900
10000
11100
11000
12200
7700
11200
7900
11000
10000
8900
11900
11700
10500
11400
5800
12000
12000
10000
11200
11900
10100
11400
11600
5700
11000
7400
11900
11600
11300
11200
8500
10900
11600
11500
12200
11500
12200
12000
11800
7900
10300
11400
10700
12100
6800
12400
12000
6000
9700
11300
3400
10400
12800
12400
8600
10600
6400
9800
11000
11200
11600
11000
12100
11000
10900
9700
10900
8200
4100
11200
12100
10800
10700
10800
11700
10700
9800
11800
11300
9400
7800
12200
11600
11900
11600
11800
3000
10200
10900
3400
6600
4700
11200
12100
11600
11600
9900
11700
12500
11700
11400
10700
12400
11400
11500
10500
11200
6800
9300
11500
11500
12000
12000
11200
12200
11800
10900
10200
12800
13000
11600
11300
5800
11600
12100
11500
11000
11600
6600
6200
7100
12900
12300
11400
11600
8600
11100
7700
13000
11200
10300
10700
12000
10600
9300
11200
11300
11900
11600
12200
11000
12300
4900
11600
11700
11400
11500
11800
6000
10600
11700
7300
11100
12500
6600
9900
10800
11100
7700
11800
6900
11100
10900
11200
11400
12100
10800
7400
5400
9300
7900
11300
4900
7100
12000
10600
12200
11400
11900
11900
12400
11400
8600
11500
5900
11800
11000
11400
11300
10500
11700
11100
11700
10900
8700
11800
11700
11100
4400
6900
11200
12200
3400
12400
11400
11300
10900
7600
12600
9500
8600
5900
10300
3300
11400
11200
11300
11800
3400
10800
6600
8700
11100
11600
11500
6700
9900
11700
8000
9300
11400
10800
10600
11000
9400
5700
11100
4400
7800
4800
8900
9500
5100
12200
6200
4300
7400
6400
10300
10400
11500
8100
12200
7700
11200
11400
11200
10100
11300
10800
8100
5300
11400
7600
10600
8500
10600
7900
11000
12000
11100
11000
11600
11800
4000
7400
8000
10400
11000
8300
9100
6800
8200
3700
11300
11600
11700
11100
11500
4300
10900
11600
12000
11800
9800
11400
11900
11200
12000
10600
11200
9600
11100
10700
5400
12100
6500
8600
11700
8800
6200
8400
12000
10000
10800
10700
4200
8500
7800
11800
4700
11800
11400
10800
5600
9200
6900
12200
7100
7500
11600
12000
9600
10500
11600
10600
3400
11300
11700
11100
9600
8800
11400
11200
12100
10700
9900
8200
7900
5900
11800
11000
11800
11300
11100
10800
10600
8100
10800
5900
11300
9600
11300
11800
10700
5400
10900
10300
10100
7400
11700
11100
3600
9600
11100
11200
10500
9900
8800
12100
11900
11800
8900
8700
9500
11600
10300
12600
7600
7100
11200
6800
8100
10800
11600
11100
6900
11600
11800
10800
10100
11500
11500
11000
11800
8500
6000
9100
11400
10600
8600
11500
11200
11400
9700
11500
8700
9400
10800
11600
11500
11100
10500
11700
7500
11300
11400
11000
8700
11200
10700
11400
10900
12200
6600
11300
8600
11600
8500
5600
11600
4900
11000
10200
10700
4200
5800
11800
11300
11100
6500
10800
12300
11400
11100
12300
11000
11500
11600
11500
11500
9600
10100
10600
11200
10500
11800
11900
12300
12300
11100
11500
11200
11600
11300
5700
10000
9700
12000
6800
11100
10900
12100
10900
7300
10700
11200
11400
4800
6800
8000
11500
11100
10700
7100
11700
9700
7400
7800
11800
11300
8200
10300
12200
12600
11600
10400
7500
10500
10300
11900
10900
12100
9000
10500
11100
11300
7000
6200
5300
11400
2000
12500
7400
10900
7400
7500
12200
7200
11600
7500
11300
11000
12000
7200
