0
-29.753999999999994
-20.131
-19.073999999999998
-17.220500000000005
-18.98849999999999
-31.176000000000002
-17.487500000000008
-18.622000000000007
-18.004500000000018
-16.338000000000015
-28.59399999999999
-27.120999999999995
-28.626999999999985
-16.188999999999993
-22.041000000000007
-10.502500000000001
-19.930999999999997
-19.5835
-15.658499999999995
-22.907
-18.858
-27.006000000000004
-15.440500000000004
-14.813000000000002
-20.060499999999987
-24.24350000000001
-17.94149999999999
-15.320500000000004
-24.859000000000012
-15.177000000000005
-18.087500000000002
-31.838500000000007
-19.42750000000002
-21.6875
-15.552000000000003
-18.9085
-16.057500000000005
-14.571
-23.174500000000002
-24.550999999999995
-31.371
-20.938999999999997
-19.71899999999999
-7.830499999999998
-27.93399999999999
-15.999000000000013
-20.39349999999999
-24.2625
-15.847499999999998
-14.965500000000008
-26.166999999999998
-21.478000000000016
-19.960999999999995
-13.835500000000001
-19.3975
-24.01550000000001
-15.870500000000005
-25.8065
-15.809500000000002
-16.517500000000002
-16.008500000000005
-26.31
-28.50000000000002
-20.967
-22.058
-26.305499999999995
-21.315500000000014
-25.171999999999983
-23.528000000000013
-20.864
-20.373999999999995
-18.821999999999992
-20.26500000000001
-25.399500000000003
-20.249500000000005
-22.568500000000007
-26.063499999999994
-22.246
-16.015500000000003
-19.4335
-33.38400000000003
-17.891000000000012
-23.230999999999995
-16.9345
-16.234
-18.784499999999998
-31.401500000000016
-30.628999999999998
-28.841499999999996
-16.8915
-24.721000000000004
-21.2975
-18.511500000000012
-29.19250000000001
-23.894500000000015
-20.676500000000008
-18.49049999999999
-19.997500000000013
-21.953000000000003
-34.35149999999999
-18.685000000000016
-16.450000000000003
-17.816999999999993
-26.7075
-23.583000000000006
-23.837
-19.077499999999986
-6.0715
-26.941499999999998
-19.846000000000007
-21.53000000000001
-22.074500000000008
-19.721499999999995
-18.12450000000001
-27.03750000000001
-14.533500000000004
-22.065500000000032
-15.006000000000004
-24.06000000000001
-29.36300000000001
-20.07100000000001
-16.83200000000001
-21.76100000000001
-15.498500000000014
-27.829000000000004
-20.733500000000003
-22.539500000000004
-32.18999999999999
-21.661499999999997
-18.954
-16.67
-19.28300000000002
-14.919000000000006
-23.895500000000016
-16.5505
-32.723
-19.27349999999999
-21.820500000000017
-27.425000000000008
-31.413499999999985
-14.887000000000011
-30.17400000000001
-18.92750000000003
-19.22850000000001
-23.822999999999993
-23.506000000000004
-20.18300000000001
-23.424499999999984
-33.03499999999999
-17.897999999999996
-23.467499999999998
-24.92400000000003
-23.84450000000001
-16.113000000000007
-25.254499999999993
-17.91550000000002
-25.230500000000013
-19.368999999999993
-25.610999999999997
-17.915499999999994
-26.219
-20.220999999999986
-30.740999999999982
-20.40799999999999
-28.468500000000006
-19.127999999999993
-14.515000000000006
-20.495500000000007
-22.001
-26.23799999999998
-18.101000000000003
-19.4965
-20.953
-15.820500000000008
-18.1905
-20.12000000000001
-22.244
-19.53550000000002
-16.04850000000002
-18.487000000000005
-28.766000000000005
-25.71649999999999
-20.99150000000001
-23.750000000000025
-31.489499999999996
-27.104499999999998
-17.377499999999998
-25.3865
-19.55950000000001
-20.251499999999993
-18.895500000000016
-22.931
-18.0685
-11.605000000000004
-23.278500000000015
-19.464500000000005
-17.047500000000003
-22.688999999999997
-21.588500000000014
-24.268000000000015
-26.264499999999998
-33.6975
-22.635999999999996
-27.01199999999999
-21.490000000000006
-14.050500000000005
-18.5175
-26.14899999999999
-16.316500000000005
-21.6405
-17.858999999999995
-26.141999999999996
-39.16200000000001
-17.6005
-20.133000000000017
-22.039500000000004
-18.966
-27.70249999999998
-18.450999999999993
-21.430000000000017
-26.98449999999999
-33.83349999999999
-17.247500000000024
-23.40400000000001
-14.877500000000003
-32.356500000000004
-17.0875
-22.707499999999996
-27.6635
-25.09900000000001
-16.84350000000001
-16.902000000000005
-25.220499999999983
-22.907999999999994
-32.91550000000002
-18.811000000000007
-17.31900000000001
-19.511000000000017
-18.696500000000015
-16.488000000000007
-26.049
-22.810999999999996
-23.563499999999998
-10.322000000000001
-26.88400000000001
-31.16599999999999
-18.144
-20.297499999999992
-19.36100000000001
-25.35300000000003
-26.94700000000001
-18.3615
-25.173999999999996
-23.941000000000017
-15.880500000000005
-24.178000000000004
-18.555000000000003
-21.217500000000012
-36.21000000000002
-15.692500000000006
-17.402499999999982
-21.104000000000017
-26.17549999999999
-17.46900000000001
-15.2375
-18.125000000000007
-25.776000000000018
-16.774499999999982
-29.81150000000001
-25.549000000000007
-42.969499999999975
-32.339
-24.916500000000006
-16.7425
-29.845500000000005
-21.546000000000014
-20.2675
-19.991000000000003
-21.387999999999998
-28.495999999999984
-16.6755
-16.95949999999999
-25.227999999999994
-21.44800000000001
-25.273499999999988
-18.102
-22.456000000000017
-29.472999999999992
-18.18650000000002
-22.517000000000007
-17.587999999999994
-20.744999999999997
-20.88249999999999
-16.324000000000005
-20.335500000000017
-16.049500000000002
-20.906000000000027
-16.437000000000005
-16.639500000000005
-24.0645
-26.286
-21.120499999999996
-19.612500000000004
-6.654999999999999
-20.09699999999999
-19.291
-23.024499999999993
-17.967500000000012
-20.205499999999994
-23.938
-23.677000000000028
-16.616999999999997
-21.572999999999986
-32.47850000000001
-15.376499999999997
-16.94150000000002
-22.079000000000008
-31.51099999999999
-38.75850000000002
-20.430499999999995
-22.444999999999997
-18.841000000000015
-20.4655
-15.187500000000002
-18.68400000000001
-25.63150000000001
-18.9685
-16.532
-25.291500000000003
-24.523999999999983
-18.843500000000002
-17.017
-35.894999999999996
-19.48
-20.518
-19.7645
-16.711
-17.514999999999997
-25.788499999999985
-18.961000000000002
-20.93350000000001
-17.8145
-21.9585
-23.188999999999993
-17.710000000000004
-13.893000000000008
-19.094500000000007
-22.878
-17.525500000000005
-32.56100000000001
-19.43350000000001
-37.34900000000001
-20.805500000000013
-19.624499999999998
-15.692500000000006
-21.427500000000002
-18.131500000000006
-25.87249999999998
-21.866500000000002
-22.42150000000001
-33.03550000000001
-23.277499999999996
-18.93550000000001
-15.658000000000005
-32.557500000000005
-14.803500000000009
-20.504000000000005
-19.324999999999996
-16.441500000000005
-28.95850000000001
-16.11300000000001
-22.734000000000027
-24.588
-27.212500000000027
-22.8615
-16.3335
-16.727500000000028
-17.499999999999996
-21.952000000000005
-31.052999999999994
-18.887499999999996
-20.794
-35.49150000000001
-21.426499999999997
-23.681000000000004
-14.725500000000002
-21.404000000000007
-17.032499999999995
-16.058999999999997
-14.599500000000004
-15.047000000000011
-15.228000000000003
-18.490000000000023
-14.0225
-19.95150000000001
-27.27100000000001
-14.669500000000001
-22.4975
-14.987000000000002
-18.8385
-18.965000000000007
-15.842500000000005
-20.715999999999987
-22.35050000000001
-19.94750000000002
-22.605500000000006
-18.7275
-17.379500000000007
-16.458999999999996
-18.541000000000004
-19.242500000000007
-29.454000000000004
-23.6355
-18.76450000000002
-17.93750000000001
-21.315500000000004
-34.08000000000001
-19.745999999999977
-19.127000000000002
-14.963499999999994
-16.701500000000003
-30.97449999999999
-17.37899999999999
-21.35199999999999
-16.68550000000001
-15.92
-15.531000000000004
-17.332
-16.519500000000004
-22.264500000000005
-22.962000000000007
-16.359500000000004
-16.674500000000002
-20.604499999999987
-30.25500000000001
-15.315500000000002
-16.650999999999996
-17.941499999999998
-20.36599999999999
-17.281999999999996
-18.048000000000012
-23.390500000000007
-26.076500000000006
-19.670999999999996
-19.065500000000007
-15.897000000000007
-21.137499999999996
-24.736499999999992
-15.43649999999999
-14.972500000000005
-19.111000000000008
-20.22700000000002
-19.49800000000001
-12.871000000000002
-15.031000000000008
-19.571499999999997
-18.553000000000008
-31.319500000000005
-15.627000000000002
-15.072000000000008
-22.822000000000003
-35.320499999999996
-15.430000000000007
-17.85550000000001
-21.53950000000001
-16.41
-25.089500000000008
-36.53600000000001
-17.994000000000007
-15.458500000000006
-20.691000000000013
-14.805000000000001
-19.47050000000001
-17.0705
-16.176000000000002
-33.78
-24.000000000000014
-14.439500000000002
-24.054999999999993
-15.711000000000007
-16.002000000000002
-20.585500000000007
-15.164500000000004
-15.533
-20.458499999999997
-19.53699999999999
-16.6515
-24.543499999999998
-21.753999999999998
-12.395999999999999
-20.517499999999995
-20.535499999999995
-17.6475
-19.239999999999995
-15.540000000000001
-20.744999999999997
-16.408
-14.780500000000009
-37.36999999999998
-25.688000000000002
-34.09200000000001
-31.976500000000016
-25.717500000000012
-17.714000000000006
-23.20200000000001
-23.78000000000001
-16.354000000000006
-21.476500000000005
-18.424500000000005
-27.699499999999993
-14.649000000000017
-17.851000000000006
-25.950000000000006
-18.504000000000005
-25.85000000000001
-16.753500000000003
-15.748499999999991
-27.642999999999994
-20.35050000000001
-23.558999999999997
-17.349999999999998
-28.077500000000004
-23.462499999999995
-13.340000000000012
-17.136000000000006
-15.380000000000004
-13.408000000000005
-14.350500000000013
-18.2095
-15.533500000000005
-19.100000000000026
-18.770500000000002
-15.515500000000001
-26.615000000000002
-14.880500000000003
-18.154500000000013
-20.5635
-16.299499999999995
-15.6945
-21.345500000000012
-19.715999999999998
-20.517500000000013
-23.022000000000016
-19.853999999999992
-27.736000000000008
-35.86949999999999
-17.570000000000004
-26.25049999999998
-18.08600000000001
-16.864500000000007
-20.294999999999995
-19.895000000000017
-16.731500000000004
-27.140000000000025
-28.478500000000004
-16.389000000000003
-18.429500000000015
-16.308000000000007
-14.997000000000002
-15.358000000000004
-17.39250000000001
-18.91450000000001
-15.838999999999993
-14.46050000000001
-17.236500000000003
-23.67999999999999
-26.520000000000014
-18.372499999999995
-30.084500000000023
-21.84949999999997
-30.19000000000001
-18.369999999999997
-22.032
-18.691000000000003
-21.687999999999985
-20.652500000000018
-15.879000000000005
-18.708000000000034
-15.313000000000002
-23.177999999999997
-33.802500000000016
-18.057000000000002
-26.845499999999994
-11.393000000000004
-18.31999999999999
-16.018
-38.157000000000004
-25.772999999999996
-26.885
-15.29650000000001
-18.438000000000002
-15.095500000000008
-25.58799999999999
-21.448499999999996
-14.126499999999998
-16.472500000000007
-16.8545
-30.165000000000013
-23.041
-14.915000000000004
-33.338
-27.879500000000004
-14.831500000000013
-15.512999999999998
-18.1985
-16.665499999999994
-11.992500000000012
-9.152
-20.7815
-29.2575
-20.2205
-18.918499999999995
-28.807000000000002
-21.528500000000008
-14.765000000000008
-26.321000000000016
-18.774000000000015
-17.597000000000012
-29.188000000000017
-28.46049999999999
-18.93750000000001
-18.599000000000014
-25.511499999999998
-20.933999999999997
-11.644499999999999
-16.020500000000002
-19.612500000000008
-27.07600000000001
-16.236500000000007
-8.288000000000002
-26.605
-29.542
-19.914000000000012
-20.613500000000005
-19.983500000000006
-16.695000000000007
-14.66250000000002
-19.87750000000001
-15.171000000000001
-18.434999999999995
-16.2875
-17.707999999999995
-19.063999999999986
-25.22
-16.730500000000006
-20.901500000000016
-19.4925
-24.637999999999987
-14.098499999999998
-19.179000000000013
-31.257
-29.56999999999999
-25.27149999999999
-15.904499999999999
-16.352500000000006
-20.113500000000005
-16.100499999999997
-16.45649999999999
-18.473999999999975
-29.507000000000005
-24.95650000000001
-20.690500000000007
-16.548
-21.449499999999986
-15.495999999999995
-20.45100000000002
-20.99
-16.046000000000003
-14.949499999999997
-16.532499999999995
-35.14349999999998
-26.8725
-20.162999999999997
-17.94300000000001
-15.18050000000001
-25.32299999999999
-31.60299999999997
-17.28450000000001
-16.4095
-22.24600000000002
-21.917500000000008
-16.1535
-22.329500000000003
-15.573000000000011
-25.856000000000012
-16.63950000000002
-17.652500000000003
-12.661500000000002
-17.117500000000003
-22.333500000000004
-16.2085
-23.697
-15.62750000000001
-19.7615
-21.911500000000014
-26.7975
-18.308
-15.205500000000006
-16.616999999999997
-20.435999999999993
-14.2385
-21.07999999999999
-21.570500000000006
-18.850999999999992
-19.804000000000002
-14.071500000000002
-31.763500000000015
-24.5225
-22.048500000000004
-15.250500000000004
-19.357499999999995
-24.227500000000003
-32.95550000000003
-19.479999999999993
-17.529500000000024
-24.512500000000017
-29.892500000000002
-16.928499999999993
-27.824500000000015
-19.766499999999997
-16.669000000000004
-14.317000000000005
-17.39700000000001
-27.30500000000002
-16.3245
-16.244500000000006
-26.343000000000014
-18.316000000000006
-15.054999999999994
-29.37900000000002
-15.719000000000014
-20.76949999999999
-13.591000000000008
-20.157499999999995
-19.6455
-15.930000000000001
-29.229999999999993
-16.199000000000005
-21.59200000000001
-16.6055
-15.766000000000004
-16.12100000000001
-23.23399999999999
-15.503499999999997
-16.574
-20.776999999999997
-16.122999999999998
-14.0615
-20.540999999999997
-17.127499999999998
-23.820500000000013
-20.860999999999997
-27.060000000000002
-20.087000000000007
-31.751499999999997
-6.3495
-18.807000000000002
-15.039000000000005
-15.341500000000007
-27.3835
-16.679500000000004
-15.908499999999998
-25.027500000000003
-19.011499999999998
-18.1435
-25.92650000000001
-30.4615
-13.650500000000008
-20.17200000000002
-15.651499999999995
-24.767499999999988
-19.33349999999999
-18.40100000000002
-17.535500000000003
-21.2545
-25.018999999999995
-13.5755
-19.796500000000005
-17.687499999999993
-23.15100000000001
-33.105500000000035
-24.968
-18.465
-16.781999999999993
-19.2115
-23.61800000000002
-15.586500000000004
-14.19949999999999
-17.804000000000016
-29.655999999999995
-16.786500000000004
-20.51399999999999
-16.663000000000004
-16.175500000000003
-16.94550000000001
-13.542999999999997
-17.314999999999994
-24.623999999999985
-27.981499999999983
-24.414500000000004
-10.729000000000001
-20.03750000000001
-18.6275
-27.429999999999996
-20.668000000000006
-14.896000000000011
-19.228500000000007
-26.91500000000002
-17.044000000000004
-14.478499999999988
-22.385999999999996
-18.9035
-17.284500000000005
-17.99399999999999
-19.827499999999993
-25.02249999999999
-15.667499999999999
-17.514999999999997
-17.930500000000006
-21.32099999999999
-16.82000000000001
-19.79800000000001
-22.483500000000003
-21.86350000000001
-22.52950000000001
-19.7505
-22.276000000000028
-16.784
-25.491000000000007
-16.188999999999997
-18.251000000000005
-15.579
-19.935999999999993
-21.32100000000001
-24.209999999999994
-18.760499999999993
-18.64649999999999
-17.859
-18.51500000000001
-14.906500000000005
-20.342999999999993
-22.321000000000012
-15.787000000000003
-30.018000000000022
-17.92050000000001
-14.070000000000002
-11.892000000000001
-25.888
-15.550499999999998
-35.86500000000002
-20.084000000000007
-20.764000000000003
-23.23100000000001
-24.63949999999999
-16.354499999999994
-15.074999999999987
-23.841499999999993
-25.244499999999995
-12.231
-17.78899999999999
-34.65650000000002
-13.681500000000012
-22.301500000000008
-25.160500000000003
-22.980999999999998
-15.8165
-16.097500000000004
-21.92899999999999
-14.731000000000002
-17.000500000000006
-19.0765
-19.343
-16.011999999999997
-25.7685
-10.288499999999999
-27.478
-18.271500000000003
-17.175499999999996
-17.95
-26.35099999999996
-23.569999999999997
-17.343000000000014
-16.440000000000005
-20.755
-28.999999999999996
-39.388500000000036
-22.262500000000006
-18.980999999999995
-22.33799999999999
-14.72100000000001
-15.492000000000006
-18.5435
-16.199500000000008
-20.491500000000002
-29.510500000000008
-20.347500000000014
-23.117499999999996
-27.15099999999999
-17.888500000000015
-18.14549999999999
-19.610000000000007
-24.045999999999992
-25.627000000000002
-18.663000000000018
-24.2665
-21.300500000000017
-11.556000000000001
-22.729499999999998
-25.367000000000015
-25.947999999999986
-23.110999999999994
-15.62750000000001
-20.292000000000012
-19.2775
-18.273499999999995
-17.909000000000006
-28.8745
-16.210499999999993
-16.884499999999996
-23.185499999999998
-18.716500000000014
-19.693500000000004
-15.453500000000005
-30.654000000000007
-22.462500000000013
-17.215
-15.785000000000005
-18.402000000000005
-17.66200000000001
-21.990500000000008
-29.876999999999985
-19.424499999999995
-18.70249999999999
-24.836500000000008
-19.35850000000001
-23.253500000000003
-18.30399999999999
-16.683999999999997
-23.248999999999995
-23.173
-27.38900000000001
-23.97550000000002
-20.60450000000003
-24.238000000000003
-25.250999999999994
-15.803000000000006
-13.692999999999994
-29.675499999999985
-23.61150000000001
-14.84500000000001
-17.115499999999994
-15.99100000000001
-17.32000000000001
-16.382499999999997
-17.740500000000004
-27.581999999999994
-32.34400000000001
-7.4415000000000004
-17.50750000000001
-17.138500000000015
-35.80150000000003
-22.281499999999998
-14.901499999999992
-28.300499999999992
-18.268
-9.239500000000001
-25.451000000000025
-8.665500000000002
-30.032
-19.1895
-29.164499999999975
-26.418499999999998
-25.04050000000001
-16.010500000000004
-18.167500000000008
-23.361499999999992
-29.215000000000007
-19.157999999999998
-16.46750000000001
-16.902500000000003
-22.459
-20.269000000000002
-11.169
-24.74800000000002
-16.343000000000004
-15.305499999999999
-27.7105
-22.293999999999986
-17.500500000000002
-18.531500000000012
-21.862000000000013
-18.99049999999999
-15.565500000000009
-24.27349999999999
-16.41100000000001
-30.61100000000002
-14.905500000000009
-20.27149999999999
-26.29299999999999
-16.562499999999996
-24.306500000000003
-22.16300000000001
-18.1125
-16.331500000000002
-19.513999999999992
-18.153500000000005
-17.066000000000003
-23.729500000000016
-7.101500000000001
-23.08100000000001
-16.89800000000001
-22.103499999999997
-15.976000000000008
-15.868
-16.067500000000003
-15.303500000000009
-23.864
-19.918000000000006
-23.0595
-25.449499999999997
-20.914000000000005
-21.13900000000001
-13.934000000000008
-27.85849999999998
-16.0845
-17.41850000000001
-24.483999999999995
-22.798499999999994
-20.730999999999995
-18.072500000000005
-17.322499999999994
-16.737500000000004
-22.741499999999995
-19.730500000000013
-18.1525
-15.891500000000004
-22.47000000000002
-16.2625
-18.798000000000016
-16.6755
-20.657499999999988
-9.355999999999998
-16.010999999999996
-31.0355
-24.433499999999995
-11.674999999999999
-20.519999999999992
-20.061000000000007
-17.953000000000003
-32.59150000000001
-18.543500000000016
-12.925500000000005
-18.920999999999996
-18.14250000000001
-23.659000000000002
-15.604500000000007
-17.705000000000005
-28.400000000000002
-20.532499999999995
-18.337999999999997
-17.801000000000005
-14.179499999999994
-17.864000000000004
-23.649500000000007
-16.739
-17.0625
-20.656999999999993
-19.39050000000001
-18.690500000000007
-18.7905
-23.911500000000007
-17.972000000000005
-15.615000000000014
-22.082000000000022
-17.690999999999995
-26.675999999999988
-20.27049999999999
-13.946500000000002
-17.446999999999992
-17.076499999999996
-16.005499999999998
-16.57700000000001
-14.349000000000004
-25.911000000000016
-23.741499999999995
-15.007500000000002
-17.999500000000005
-20.62349999999999
-18.76900000000001
-26.255
-30.40949999999999
-19.4465
-11.941000000000004
-26.846000000000007
-23.081500000000005
-17.846
-30.601499999999987
-18.718
-18.369000000000003
-15.064500000000008
-19.111000000000004
-15.622999999999996
-19.666
-21.991
-20.077499999999997
-16.199000000000005
-24.751499999999997
-13.871500000000006
-25.044499999999996
-32.711499999999994
-13.8225
-16.488000000000007
-30.313
-22.58000000000001
-23.897
-28.04100000000001
-15.590000000000007
-27.633999999999983
-28.132500000000004
-20.086500000000004
-16.5445
-20.65100000000001
-26.99899999999999
-18.227500000000003
-21.26499999999998
-16.520500000000006
-27.51
-25.965
-24.93749999999999
-20.085500000000003
-16.2665
-14.637000000000006
-22.83899999999999
-18.927000000000003
-33.76300000000003
-15.335499999999998
-17.5415
-17.419
-16.332499999999996
-31.58849999999999
-17.341999999999988
-18.8735
-17.84800000000001
-30.47450000000002
-22.215500000000016
-15.773000000000009
-24.01500000000002
-17.267000000000003
-21.785
-14.634500000000005
-16.571000000000012
-15.952500000000006
-16.4825
-15.441999999999997
-26.905500000000007
-36.916
-14.958500000000011
-20.24199999999999
-24.626500000000004
-16.278000000000006
-24.476499999999984
-18.128500000000003
-20.149500000000003
-23.983500000000003
-17.21100000000001
-17.434500000000003
-18.779000000000007
-28.904999999999994
-16.049
-22.940000000000026
-18.353500000000004
-16.685499999999998
-17.371000000000002
-29.768999999999984
-16.341000000000008
-16.443500000000007
-28.437500000000004
-31.783500000000007
-23.64450000000002
-20.984499999999993
-21.933000000000003
-23.973000000000017
-18.513499999999993
-19.871499999999997
-15.7075
-21.29600000000001
-20.034999999999986
-24.932499999999994
-14.475500000000006
-14.548000000000004
-23.269000000000013
-16.4225
-16.06800000000001
-18.555500000000006
-15.533999999999994
-18.557000000000016
-24.398000000000014
-19.21450000000001
-16.531499999999998
-15.222000000000012
-23.59150000000001
-22.354000000000003
-17.958000000000002
-33.16799999999999
-24.738500000000005
-21.791000000000004
-38.58900000000001
-20.027500000000003
-34.41350000000001
-22.261499999999998
-17.15950000000001
-21.806500000000007
-16.471000000000014
-22.725000000000016
-17.286999999999995
-24.07
-25.633500000000023
-18.737499999999997
-24.985999999999997
-32.81200000000001
-21.207000000000004
-15.184000000000006
-21.398499999999988
-24.236500000000007
-12.2585
-18.47500000000001
-20.575000000000006
-18.823000000000015
-21.42
-13.530499999999998
-16.17500000000001
-16.820500000000003
-20.254500000000018
-15.115000000000006
-15.011499999999995
-17.00850000000001
-19.17750000000001
-18.9755
-17.578500000000012
-29.42799999999999
-17.490499999999987
-17.453000000000014
-17.37750000000001
-16.4135
-22.446000000000005
-19.988000000000014
-23.36600000000002
-20.44600000000002
-30.33349999999998
-14.556500000000005
-18.023500000000006
-28.946000000000023
-30.792000000000023
-18.88850000000001
-20.830500000000004
-23.573499999999996
-28.276000000000025
-16.585
-25.448999999999998
-19.95750000000001
-15.98600000000001
-14.7665
-17.80750000000001
-20.860500000000005
-25.782500000000002
-16.056500000000014
-20.178999999999995
-25.578500000000005
-20.424500000000005
-21.70100000000001
-38.864500000000014
-24.781499999999987
-27.750500000000002
-18.049500000000002
-16.26550000000001
-15.471000000000005
-20.77600000000001
-18.029
-15.164500000000007
-21.385000000000005
-23.548500000000004
-12.401000000000005
-15.793000000000008
-19.10049999999999
-18.147499999999994
-18.581500000000005
-26.562500000000018
-20.537500000000016
-16.361499999999996
-11.038000000000006
-15.857000000000001
-20.730500000000006
-28.574999999999996
-17.319500000000005
-17.748999999999988
-33.798
-20.725999999999996
-31.975500000000004
-23.762000000000008
-23.381500000000003
-16.683
-27.546999999999983
-21.467500000000015
-17.957000000000008
-19.929500000000015
-22.574500000000004
-14.689000000000007
-18.617
-15.497500000000008
-23.934
-21.688
-15.666499999999997
-16.102000000000007
-20.14500000000001
-19.13900000000001
-19.267499999999995
-17.523999999999997
-15.783500000000004
-21.560499999999998
-18.989000000000004
-24.655
-22.889500000000005
-18.859
-17.37050000000001
-20.220000000000024
-19.717000000000006
-16.02900000000001
-22.474000000000007
-21.034499999999998
-31.050500000000014
-20.948000000000004
-16.206500000000005
-17.641000000000002
-20.831000000000007
-29.288499999999992
-27.285000000000004
-21.725499999999972
-21.108
-27.66500000000001
-15.148000000000007
-19.21650000000001
-21.016499999999994
-13.647500000000006
-14.995000000000001
-36.32449999999999
-18.23649999999999
-16.251999999999992
-16.747500000000002
-17.589500000000008
-13.316999999999995
-16.584000000000003
-19.142500000000016
-19.094500000000014
-17.44799999999999
-16.223500000000005
-24.982499999999995
-15.248499999999996
-33.365999999999985
-18.209500000000002
-21.99250000000003
-27.66
-18.222000000000012
-12.892000000000001
-19.314500000000006
-18.147500000000004
-15.475000000000003
-33.92799999999999
-15.615000000000004
-20.474000000000032
-15.128499999999997
-21.419500000000006
-26.581000000000017
-23.159499999999998
-20.3715
-21.68699999999999
-16.788999999999998
-17.177000000000003
-19.863
-23.75600000000001
-18.405000000000005
-19.6455
-22.381500000000013
-17.350999999999996
-21.4725
-16.9015
-26.918499999999995
-15.68499999999999
-20.00800000000001
-17.7035
-15.949500000000006
-16.452000000000005
-15.886500000000003
-16.41999999999999
-18.952499999999993
-16.434999999999995
-14.581500000000007
-16.4255
-19.358999999999998
-15.727
-24.869
-16.774500000000007
-18.506500000000006
-22.45549999999999
-22.951
-23.341499999999993
-17.538000000000014
-19.883999999999997
-15.64049999999999
-19.86950000000001
-23.1705
-22.4845
-19.868000000000002
-18.032999999999994
-22.450500000000016
-22.98150000000003
-31.246999999999993
-27.35150000000001
-35.10149999999998
-19.364000000000004
-26.029000000000018
-5.7505
-21.485000000000003
-16.582500000000003
-23.868000000000027
-18.432999999999996
-31.21150000000002
-15.962000000000002
-30.12799999999999
-18.91550000000001
-17.865000000000006
-15.607499999999996
-29.207000000000015
-37.92200000000001
-25.01700000000001
-14.776000000000003
-23.441500000000005
-31.115499999999997
-17.67549999999999
-14.763500000000011
-18.38
-33.07899999999999
-22.63950000000001
-15.821499999999995
-19.4915
-14.784500000000003
-20.378000000000007
-18.646000000000004
-17.756500000000006
-11.493499999999996
-19.365499999999997
-19.076
-14.261500000000014
-14.40500000000001
-26.97350000000001
-16.487
-30.266499999999997
-15.912000000000011
-16.37500000000001
-17.976499999999994
-31.29550000000002
-38.65950000000001
-16.477500000000006
-22.334
-24.97250000000001
-21.527500000000018
-19.411500000000004
-22.5895
-19.835
-18.65300000000001
-18.288999999999998
-15.698500000000008
-16.763500000000004
-16.772499999999997
-19.767000000000017
-25.92450000000003
-20.5125
-14.016999999999994
-18.087
-16.214000000000013
-18.854500000000012
-28.56699999999999
-17.37599999999999
-16.65900000000001
-23.444999999999997
-15.299500000000004
-27.585999999999988
-26.29600000000001
-15.740000000000004
-25.600999999999992
-34.17349999999998
-17.16800000000001
-18.014499999999998
-23.195499999999996
-11.662500000000003
-33.88000000000002
-22.004000000000005
-20.52500000000001
-28.00799999999999
-5.456
-17.207000000000004
-16.24450000000001
-20.504500000000004
-15.4815
-29.096999999999984
-33.96650000000001
-16.8345
-23.610000000000014
-19.313000000000002
-16.815999999999992
-17.91650000000001
-30.705999999999996
-19.968999999999994
-35.01850000000001
-15.507500000000006
-15.872999999999998
-16.36800000000001
-17.727000000000004
-21.427
-17.2725
-15.692500000000006
-16.754999999999995
-18.102500000000006
-22.201999999999995
-16.257000000000005
-21.772
-15.861000000000013
-21.005499999999998
-21.89350000000001
-15.120000000000012
-25.64050000000001
-19.4215
-22.838500000000003
-17.700000000000014
-12.298000000000007
-24.161999999999985
-34.218
-22.82950000000001
-21.098499999999987
-14.838000000000003
-40.6195
-19.437000000000015
-23.753
-22.516999999999996
-14.948000000000006
-18.68949999999999
-18.699500000000008
-19.58450000000002
-21.341500000000003
-28.44499999999999
-16.440000000000005
-13.695
-15.615500000000004
-31.625999999999987
-16.051499999999997
-26.137000000000004
-16.31300000000001
-16.401000000000003
-20.667500000000018
-27.26699999999998
-17.354500000000005
-17.350500000000004
-16.12000000000001
-16.402500000000007
-16.261500000000012
-17.01350000000001
-15.767500000000009
-19.80800000000001
-20.412500000000012
-19.081000000000017
-18.445
-20.547500000000014
-18.784999999999993
-12.632000000000001
-27.189
-34.43699999999998
-23.55200000000001
-36.27300000000001
-28.957
-19.467000000000006
-30.958999999999985
-16.9585
-32.76150000000002
-19.92700000000001
-22.209500000000016
-24.236000000000008
-30.622500000000002
-20.697500000000016
-21.954000000000022
-27.172999999999988
-24.654500000000002
-21.843000000000007
-22.905000000000012
-35.00700000000001
-18.181500000000003
-15.082999999999995
-18.95499999999999
-23.389
-17.49600000000002
-15.2045
-14.786500000000009
-13.696000000000002
-13.774500000000007
-18.622500000000006
-15.625000000000005
-18.88450000000001
-16.57800000000001
-16.954500000000014
-21.361500000000014
-24.30649999999999
-18.6795
-23.658999999999985
-25.589000000000013
-22.876000000000012
-18.2965
-15.190000000000003
-16.2525
-26.139000000000006
-14.309500000000005
-20.067999999999998
-17.465
-21.956000000000014
-15.191500000000005
-20.090999999999998
-24.010999999999996
-16.182000000000006
-15.561000000000002
-16.4675
-24.476499999999987
-19.7075
-24.41850000000002
-24.058500000000006
-28.513000000000016
-16.45149999999999
-26.457500000000003
-21.798999999999996
-27.678000000000015
-19.91700000000001
-19.186500000000002
-28.825500000000005
-25.945000000000004
-29.61950000000001
-22.982000000000014
-26.523499999999995
-25.4395
-18.915500000000016
-16.587500000000006
-19.348499999999984
-33.84599999999998
-22.544500000000006
-19.679499999999994
-15.811500000000018
-25.137999999999973
-32.65100000000002
-18.239499999999996
-13.753500000000004
-18.138500000000004
-19.999499999999998
-16.677500000000002
-17.156500000000015
-23.144000000000002
-25.497499999999985
-18.50750000000001
-23.737499999999994
-19.062000000000012
-15.459000000000009
-29.927500000000002
-37.1565
-16.917499999999997
-25.441500000000016
-19.387000000000008
-29.901000000000003
-17.710500000000007
-17.669000000000008
-28.299000000000007
-16.559000000000022
-18.329500000000003
-14.306000000000006
-17.268499999999996
-32.163000000000025
-20.628000000000007
-16.513
-16.243000000000002
-16.250500000000006
-21.7095
-17.8015
-16.1915
-22.688499999999983
-17.511000000000003
-19.60350000000001
-15.721500000000002
-23.033499999999997
-26.805
-15.79
-16.868000000000002
-17.075500000000012
-17.50800000000001
-20.21699999999999
-17.839499999999997
-42.54999999999999
-19.631999999999994
-26.79949999999999
-22.364499999999992
-16.178000000000004
-16.805499999999995
-20.2645
-18.859500000000015
-19.223500000000023
-28.309999999999995
-17.777500000000014
-17.657500000000017
-18.312499999999986
-11.896500000000001
-17.875
-11.8645
-18.417
-24.874999999999996
-22.506500000000013
-14.148000000000003
-17.460500000000003
-17.74700000000002
-16.137500000000017
-15.729500000000007
-22.545999999999996
-16.80400000000001
-20.751
-20.006500000000006
-18.321000000000005
-26.69700000000001
-20.50149999999999
-18.412
-17.86400000000001
-17.242
-19.719
-21.049000000000017
-17.694000000000006
-25.659499999999987
-17.74950000000001
-15.839500000000006
-16.564999999999994
-16.603000000000016
-16.721999999999994
-25.784
-21.008000000000003
-35.693000000000005
-19.584000000000007
-17.886000000000003
-19.38200000000001
-14.585499999999998
-16.94799999999998
-15.27750000000001
-20.50800000000001
-30.802000000000014
-15.044
-17.769500000000008
-34.10549999999999
-14.641500000000004
-34.12849999999998
-15.626500000000005
-21.77149999999999
-15.765000000000004
-25.225000000000016
-29.019
-15.497500000000004
-27.652500000000018
-25.028000000000013
-28.165999999999997
-19.428500000000007
-35.34150000000001
-31.219499999999982
-21.436999999999998
-35.683499999999995
-18.658499999999993
-21.13900000000001
-14.2415
-22.21899999999999
-15.39000000000001
-26.97000000000001
-16.789
-17.589000000000013
-17.438500000000005
-16.88150000000001
-19.299499999999995
-35.72849999999998
-24.78650000000002
-18.47
-20.254000000000026
-15.981000000000005
-16.521500000000007
-20.011500000000005
-19.2665
-15.742999999999995
-30.76400000000001
-15.755499999999998
-27.379500000000004
-14.499500000000005
-21.061499999999985
-24.421000000000003
-16.282000000000004
-20.88799999999999
-27.18949999999999
-19.555
-10.093000000000002
-17.966000000000005
-30.410499999999992
-16.1435
-24.32900000000001
-21.843499999999985
-18.233500000000006
-19.876500000000007
-18.388499999999993
-27.230999999999966
-38.35399999999998
-19.691500000000005
-17.146000000000008
-28.655500000000007
-15.621499999999989
-21.987500000000004
-15.202500000000004
-22.67050000000001
-8.864500000000003
-16.21349999999999
-22.461
-19.503500000000006
-18.697499999999994
-22.04000000000002
-20.420000000000005
-24.7645
-20.491999999999987
-12.954499999999998
-20.273000000000003
-26.108499999999992
-23.512500000000024
-30.844000000000005
-38.77699999999999
-12.027
-14.816499999999994
-15.824500000000004
-13.855500000000003
-18.25300000000002
-15.75300000000001
-14.442000000000004
-27.271499999999993
-21.61100000000001
-16.6035
-14.969499999999998
-23.459999999999997
-26.54650000000001
-13.683500000000013
-15.799500000000004
-21.252499999999994
-15.135000000000018
-21.167499999999993
-31.82899999999998
-18.392000000000003
-13.835499999999996
-24.14050000000001
-29.636500000000012
-16.726999999999997
-20.123000000000008
-16.942
-17.237500000000008
-22.005499999999994
-16.231
-21.781500000000023
-18.143000000000008
-23.916000000000004
-30.669499999999996
-15.985999999999999
-14.802000000000003
-28.18700000000001
-25.471999999999998
-18.018000000000004
-15.639000000000001
-21.18699999999999
-22.376499999999993
-19.4345
-27.10300000000002
-21.621999999999996
-15.041500000000005
-25.27699999999999
-13.102999999999996
-17.732000000000006
-24.259500000000006
-25.554999999999993
-25.893499999999992
-24.36950000000001
-16.188500000000005
-19.458500000000008
-25.807000000000013
-17.0465
-17.203000000000007
-20.066000000000024
-17.548499999999994
-18.385499999999993
-22.352
-21.434499999999996
-18.47349999999999
-16.735999999999997
-26.246500000000008
-36.952999999999975
-17.641000000000002
-25.67899999999999
-19.808500000000024
-15.659500000000003
-16.766
-16.930000000000003
-20.410499999999992
-14.832999999999998
-21.383999999999997
-25.209000000000003
-28.050500000000003
-20.727499999999985
-18.301999999999992
-24.64199999999999
-22.876499999999993
-28.034000000000017
-19.44100000000001
-25.404
-15.871000000000011
-18.46100000000001
-19.554000000000006
-25.55200000000001
-32.69200000000002
-20.495999999999988
-35.345999999999975
-17.789500000000007
-17.011
-16.349500000000006
-23.6125
-27.658500000000014
-16.690499999999997
-17.22600000000001
-10.525500000000001
-23.5515
-17.67549999999999
-16.091500000000003
-20.965999999999998
-17.89750000000001
-16.489000000000004
-17.575000000000006
-20.369999999999997
-28.532999999999994
-20.482000000000003
-26.732499999999998
-14.707500000000001
-29.828000000000003
-16.264499999999998
-20.646
-16.6545
-15.020000000000003
-16.556
-34.16500000000001
-26.104500000000005
-11.645499999999997
-37.18550000000002
-20.162
-19.458500000000008
-20.289000000000005
-18.290999999999993
-22.119999999999994
-19.86349999999998
-25.227
-21.814500000000013
-29.46649999999999
-16.445500000000003
-16.838000000000008
-17.328500000000005
-19.73850000000001
-17.67450000000001
-22.112500000000004
-20.540500000000012
-15.243999999999996
-16.645000000000003
-21.966
-26.767500000000002
-26.118999999999996
-21.522499999999997
-18.176500000000008
-16.723000000000013
-12.283000000000001
-18.06799999999999
-15.720999999999995
-19.28200000000001
-23.479500000000034
-20.306000000000015
-19.317500000000003
-17.145000000000003
-17.042499999999997
-15.059500000000003
-32.28250000000001
-17.30600000000001
-16.075500000000005
-24.778999999999993
-24.5645
-18.377000000000002
-14.859500000000002
-16.327500000000008
-16.949000000000012
-16.52150000000001
-24.19649999999999
-17.489500000000017
-15.166000000000007
-24.795999999999992
-15.572000000000019
-18.581000000000007
-20.865000000000013
-19.73
-24.14849999999999
-24.252499999999994
-16.243499999999997
-14.56949999999999
-18.9815
-20.410999999999998
-18.974999999999987
-16.884999999999998
-16.925500000000007
-24.874499999999987
-21.653000000000002
-22.373499999999986
-17.132
-17.46
-19.021
-15.096499999999997
-21.800000000000015
-29.80700000000002
-14.565500000000005
-18.368500000000008
-17.7755
-22.376499999999997
-16.673500000000004
-17.828000000000014
-15.4495
-19.091499999999993
-31.25649999999998
-32.84700000000002
-18.424500000000002
-23.514499999999988
-18.42450000000001
-17.512
-20.793500000000005
-23.74249999999998
-16.227999999999994
-4.229
-19.6345
-20.522499999999997
-15.730000000000008
-15.272
-16.23400000000001
-17.51100000000001
-24.212999999999994
-20.61400000000001
-22.557000000000002
-42.50250000000002
-11.346000000000002
-17.263999999999996
-15.698000000000016
-8.5045
-24.49000000000002
-15.843500000000017
-22.599000000000014
-26.226000000000017
-19.826000000000015
-30.571499999999997
-30.633500000000016
-16.680499999999988
-15.872500000000004
-11.957000000000003
-16.233500000000003
-27.71699999999998
-20.072500000000005
-17.501499999999993
-25.875
-33.560999999999986
-14.896500000000005
-16.102
-20.58350000000001
-25.931499999999996
-20.672000000000004
-21.491499999999995
-19.197
-21.378499999999992
-14.72250000000001
-23.133000000000003
-18.390500000000017
-26.649999999999995
-14.9805
-19.089
-16.472500000000004
-15.97950000000001
-20.01099999999999
-16.29500000000001
-14.434000000000005
-20.603999999999996
-14.645000000000005
-15.380500000000003
-18.698000000000018
-23.45549999999998
-14.90200000000001
-30.13649999999998
-26.131000000000018
-19.320000000000004
-16.3675
-18.320500000000017
-19.53499999999999
-21.808500000000002
-15.586500000000008
-23.627500000000005
-15.74
-21.811500000000013
-22.556000000000015
-21.104
-35.42650000000001
-16.419500000000006
-23.2005
-23.285500000000013
-16.267000000000014
-14.465500000000011
-23.59699999999998
-19.56300000000002
-15.945
-22.74400000000001
-13.003999999999998
-17.23500000000001
-17.881000000000014
-15.145500000000014
-33.166500000000006
-20.87799999999999
-24.597500000000018
-31.959999999999997
-31.531500000000012
-19.04500000000001
-24.706999999999994
-25.033500000000007
-14.991999999999999
-23.476499999999998
-18.768
-22.217
-13.694500000000001
-11.679000000000002
-16.865
-20.906
-16.958499999999994
-20.49150000000001
-34.96000000000001
-16.52350000000001
-33.260000000000005
-22.304499999999997
-18.611999999999995
-16.125
-21.642500000000013
-20.55600000000001
-21.62650000000001
-34.315000000000005
-21.49799999999999
-17.143500000000003
-30.66300000000001
-23.8035
-24.430000000000003
-30.316
-30.95000000000002
-14.871500000000006
-24.309
-20.70550000000002
-15.508000000000004
-15.360500000000009
-23.621499999999997
-16.121000000000002
-17.054500000000004
-17.642
-17.93150000000001
-16.8695
-25.884499999999985
-16.311500000000002
-17.433000000000007
-19.607000000000006
-14.149000000000001
-26.18599999999998
-13.933500000000006
-20.49800000000001
-21.049999999999997
-28.0
-15.151999999999994
-20.204000000000004
-17.214500000000008
-16.341500000000007
-20.87599999999999
-16.840000000000018
-18.594500000000014
-23.251500000000007
-31.375000000000007
-16.772500000000008
-10.028500000000001
-10.625000000000002
-18.103500000000007
-20.6915
-14.454500000000003
-18.16999999999999
-15.5185
-19.212000000000028
-18.061
-24.413500000000006
-18.115500000000004
-25.174999999999997
-24.472499999999993
-15.881000000000004
-17.80449999999999
-19.923500000000008
-18.398500000000006
-16.33000000000002
-20.809
-20.146500000000003
-23.42100000000002
-31.515999999999984
-25.848000000000003
-32.456
-27.915
-18.475500000000004
-18.252499999999998
-15.711500000000008
-15.401500000000011
-16.806500000000007
-18.359000000000012
-22.29700000000001
-17.466
-24.44750000000001
-15.015999999999996
-13.515500000000001
-14.918500000000002
-22.597000000000005
-15.431500000000009
-14.273499999999999
-32.333999999999996
-18.245000000000005
-17.85200000000001
-23.164999999999985
-15.157000000000009
-11.357500000000002
-20.77200000000001
-22.121
-23.51499999999999
-27.398999999999994
-18.7545
-33.44749999999999
-21.13849999999998
-16.15999999999999
-21.821500000000004
-10.337000000000007
-16.489000000000004
-18.265500000000003
-18.718500000000017
-26.352500000000013
-18.53100000000001
-24.897999999999993
-16.334000000000003
-24.384500000000003
-17.618499999999997
-16.778999999999996
-18.328000000000007
-21.725500000000004
-23.191000000000017
-30.88449999999999
-23.583
-21.581500000000002
-18.104499999999998
-35.4845
-15.094000000000005
-22.166000000000007
-21.541500000000013
-15.324500000000004
-17.510500000000004
-16.160500000000006
-18.961000000000002
-16.007
-28.72299999999999
-16.861999999999995
-18.643000000000015
-25.01000000000001
-22.139000000000014
-21.25100000000001
-22.10700000000001
-22.46200000000001
-14.606499999999999
-26.27849999999999
-15.869000000000003
-23.313
-23.07100000000001
-16.3315
-27.878999999999994
-22.96350000000001
-17.17650000000001
-18.2145
-15.209000000000001
-22.640500000000003
-28.810000000000024
-18.88300000000002
-37.80350000000001
-22.93600000000001
-18.624499999999994
-19.582500000000007
-23.44250000000001
-16.860500000000005
-25.41950000000001
-23.678
-20.93
-21.5105
-17.171499999999995
-15.155000000000003
-17.447
-30.705000000000002
-17.644000000000005
-28.7535
-28.798499999999997
-13.793000000000003
-15.667500000000006
-17.773999999999997
-20.703500000000005
-38.934999999999995
-30.603500000000007
-15.348500000000005
-8.797000000000002
-15.107000000000003
-23.110000000000003
-18.452000000000012
-15.809499999999998
-27.97150000000001
-32.21849999999999
-21.760499999999997
-16.8375
-20.703999999999997
-24.07900000000002
-20.9035
-19.487999999999992
-22.14949999999999
-30.12549999999998
-25.934999999999988
-28.83450000000001
-19.043999999999993
-19.625999999999998
-18.044000000000004
-19.43099999999999
-35.77999999999997
-18.430500000000006
-18.709500000000023
-27.28449999999997
-16.977500000000006
-24.128500000000017
-19.95750000000001
-14.435000000000002
-20.83700000000001
-28.81500000000001
-15.83900000000001
-26.786500000000004
-22.48050000000001
-21.93900000000001
-21.432000000000013
-20.601
-16.47999999999999
-19.938500000000015
-21.482
-14.756500000000003
-13.23100000000001
-20.031000000000006
-15.344500000000004
-21.578000000000007
-17.48200000000001
-36.0915
-19.451999999999998
-18.387
-31.72650000000001
-20.346500000000002
-16.826999999999998
-18.488499999999995
-25.2045
-17.1485
-17.491500000000006
-20.853499999999986
-15.126499999999991
-15.985499999999988
-20.492499999999982
-31.68349999999998
-19.740000000000006
-19.038500000000013
-19.323500000000017
-26.086
-20.425500000000003
-22.378499999999992
-21.680000000000007
-21.046999999999997
-22.436000000000007
-27.803
-35.32950000000001
-16.494000000000003
-29.340499999999995
-45.4715
-21.520500000000006
-18.936500000000017
-24.873499999999996
-19.326500000000024
-14.017500000000009
-17.5965
-24.12100000000001
-20.45000000000001
-38.04000000000003
-20.937500000000018
-20.0115
-13.661000000000001
-21.223499999999998
-27.183500000000006
-21.202
-16.8695
-32.733
-26.458499999999994
-20.350500000000004
-20.18200000000002
-14.360500000000014
-19.73550000000001
-21.257500000000007
-15.86099999999999
-17.96349999999999
-18.06200000000001
-17.2055
-15.939000000000004
-23.149
-23.314000000000014
-15.63649999999999
-22.393500000000003
-16.93900000000001
-33.592499999999994
-16.629499999999993
-17.953500000000002
-19.051
-16.187
-14.321000000000005
-17.008000000000003
-18.227499999999996
-46.06199999999999
-14.166000000000006
-15.755499999999994
-22.027500000000003
-18.363999999999997
-19.1105
-23.924000000000003
-28.176000000000005
-17.73000000000002
-24.122999999999994
-14.71200000000002
-26.940500000000007
-14.726500000000012
-21.884499999999996
-22.03950000000001
-15.47049999999999
-19.789999999999996
-19.48800000000001
-19.354499999999994
-24.940000000000005
-20.348499999999987
-18.02800000000001
-20.060500000000015
-18.047999999999995
-26.21899999999999
-19.115500000000008
-12.577
-24.369499999999995
-26.08849999999999
-22.3885
-17.804499999999997
-19.924500000000005
-21.912
-24.17150000000001
-14.382
-25.138499999999997
-12.76
-17.522999999999993
-17.173500000000004
-18.965500000000006
-24.631
-37.772
-15.42150000000001
-25.164499999999997
-18.01449999999999
-17.503000000000004
-28.140500000000024
-20.218999999999994
-17.059500000000014
-15.213999999999999
-26.85100000000001
-15.77799999999999
-17.55299999999999
-19.508000000000006
-12.1615
-20.679500000000015
-19.695500000000006
-20.132500000000007
-17.133999999999993
-21.538500000000035
-14.62000000000001
-18.041999999999998
-15.331999999999994
-19.41500000000002
-21.303999999999995
-16.945
-19.75400000000001
-17.685500000000005
-14.144
-20.2105
-14.507
-33.7655
-33.18599999999998
-16.122
-30.824000000000005
-16.36649999999999
-24.696500000000007
-19.352000000000007
-30.45049999999999
-19.091999999999995
-23.411500000000004
-15.9835
-28.636000000000003
-25.660500000000027
-13.194500000000003
-16.704000000000022
-16.292500000000004
-16.0445
-17.363500000000005
-16.648500000000013
-16.8405
-41.243499999999976
-18.09600000000001
-22.123000000000015
-17.352499999999996
-21.72800000000001
-19.436
-19.12250000000002
-15.675000000000004
-17.964000000000013
-26.099999999999998
-32.962500000000006
-19.5195
-23.853500000000007
-24.87749999999998
-16.1655
-16.677000000000014
-17.70849999999999
-31.064500000000024
-27.791500000000013
-32.988
-15.843500000000004
-18.158499999999997
-17.361499999999992
-14.206000000000001
-33.06999999999996
-15.232000000000017
-22.891499999999986
-23.906499999999987
-17.4275
-21.150499999999994
-16.034
-18.10600000000001
-19.749000000000002
-30.170999999999996
-16.430499999999995
-19.791500000000006
-18.64950000000001
-27.22150000000001
-18.046500000000016
-18.02750000000001
-21.6645
-22.502500000000005
-17.739500000000003
-19.165000000000003
-14.670000000000007
-21.840500000000006
-21.848500000000012
-18.326
-17.029000000000003
-21.81650000000001
-20.233500000000006
-21.966000000000008
-21.19900000000001
-18.90250000000001
-16.545499999999997
-16.831500000000002
-18.572999999999997
-19.803000000000008
-20.959000000000014
-20.352500000000013
-14.396500000000001
-20.01500000000002
-18.411500000000007
-21.131000000000014
-18.381000000000004
-20.34650000000001
-18.477500000000006
-19.056999999999988
-22.42049999999999
-19.53400000000001
-21.091500000000003
-14.810499999999996
-15.622999999999996
-19.709999999999997
-14.895500000000002
-31.40600000000001
-10.955999999999996
-30.227500000000003
-20.870000000000008
-17.169999999999987
-14.620000000000001
-22.42300000000001
-21.741499999999984
-26.634000000000007
-19.260499999999993
-14.496000000000011
-25.589500000000008
-19.246500000000005
-16.403500000000015
-19.421499999999998
-28.150500000000033
-16.431000000000008
-15.131499999999999
-28.496999999999993
-14.973500000000001
-21.558500000000002
-22.076500000000003
-13.506500000000003
-17.07950000000001
-14.611500000000001
-21.50299999999999
-17.910500000000003
-16.2615
-19.250000000000004
-14.836500000000003
-24.240999999999993
-16.964000000000013
-21.329000000000008
-14.969500000000002
-22.439000000000004
-20.056500000000007
-33.431
-18.08000000000001
-16.015
-15.737000000000013
-18.352000000000004
-30.209000000000003
-18.394499999999983
-17.748499999999996
-25.090500000000016
-26.7855
-16.241999999999997
-19.22649999999999
-18.566000000000003
-16.74050000000001
-19.185000000000002
-17.644000000000013
-19.62650000000001
-17.83050000000001
-16.65950000000001
-18.928000000000004
-34.413499999999985
-15.270499999999998
-16.77450000000002
-22.742500000000007
-14.8385
-18.160999999999998
-16.381500000000003
-19.405000000000012
-17.160500000000003
-24.099500000000006
-23.836500000000004
-16.607000000000028
-20.810499999999994
-18.862500000000008
-18.35
-19.07050000000002
-16.699499999999993
-23.06250000000001
-26.897000000000002
-24.9085
-21.2605
-20.05
-19.012999999999998
-17.378000000000007
-22.857999999999997
-22.2
-27.720499999999998
-16.404499999999995
-19.587000000000014
-27.528500000000008
-25.896499999999996
-23.103000000000005
-20.442000000000007
-20.225500000000007
-16.1815
-20.03850000000001
-21.903999999999993
-20.148999999999987
-16.278499999999994
-25.756000000000004
-21.0625
-25.075499999999995
-16.989000000000004
-18.087500000000006
-14.819000000000003
-22.902999999999995
-21.079500000000007
-18.027000000000008
-18.152500000000018
-16.71750000000001
-15.653500000000003
-16.3145
-24.796499999999988
-19.293000000000003
-18.155500000000004
-15.482999999999999
-18.296500000000005
-23.341999999999995
-17.480500000000003
-27.1935
-13.206500000000009
-18.241999999999997
-19.28550000000001
-18.531999999999986
-14.670000000000003
-15.501999999999995
-24.669500000000003
-18.654000000000003
-21.879000000000005
-18.164500000000007
-19.725499999999993
-16.1695
-14.095999999999998
-19.111999999999995
-8.121500000000001
-21.453000000000024
-20.851000000000013
-18.45050000000001
-30.908499999999993
-20.048500000000004
-16.512999999999998
-16.246
-21.160499999999992
-18.108500000000014
-17.433500000000013
-25.36000000000001
-22.891000000000012
-25.783500000000018
-17.04499999999999
-19.292
-19.78449999999999
-16.9235
-16.50950000000001
-21.815999999999978
-20.97900000000002
-23.426000000000013
-22.138500000000008
-17.864
-16.03050000000001
-31.99699999999999
-21.765500000000003
-20.322000000000006
-11.952000000000002
-16.63450000000001
-28.207499999999996
-29.875000000000007
-18.28450000000001
-20.04500000000001
-20.280500000000007
-25.4975
-23.797000000000008
-24.054999999999996
-17.74750000000001
-17.106499999999993
-21.04699999999999
-16.631999999999998
-24.449500000000018
-20.389999999999993
-23.232999999999983
-18.583500000000004
-20.454500000000017
-19.092000000000002
-20.087500000000002
-16.4795
-16.7395
-18.326500000000003
-19.408
-17.443499999999993
-18.4885
-17.690999999999992
-16.191500000000005
-16.645000000000007
-20.090000000000003
-28.935999999999993
-16.458000000000013
-19.623999999999995
-18.151500000000006
-22.752500000000005
-16.398000000000003
-23.58950000000002
-25.06550000000001
-16.492000000000004
-20.930499999999995
-24.804500000000004
-20.191499999999984
-31.9525
-16.580999999999996
-20.583
-14.761500000000007
-23.78299999999999
-13.258000000000006
-17.037500000000005
-22.695
-32.087500000000006
-17.953499999999995
-16.97399999999999
-15.890999999999995
-17.55800000000001
-20.801999999999992
-22.49500000000001
-28.522000000000002
-16.135999999999996
-15.3905
-17.742000000000004
-19.578500000000023
-25.657999999999994
-18.540500000000005
-22.946000000000005
-17.234999999999992
-15.887999999999987
-17.176000000000002
-19.544000000000008
-14.143
-20.807000000000002
-16.811000000000014
-14.408500000000016
-17.757000000000005
-19.300999999999995
-19.798
-28.45649999999999
-26.078000000000007
-20.164500000000007
-15.319
-15.178999999999998
-26.096000000000007
-19.665000000000017
-14.827999999999987
-22.448999999999998
-17.518499999999992
-18.755999999999997
-26.875500000000024
-16.282000000000004
-23.63450000000001
-15.562499999999998
-21.2615
-18.904500000000006
-36.8605
-22.961000000000023
-24.509000000000007
-29.675999999999995
-17.771
-17.02499999999999
-22.8835
-15.706999999999992
-25.50849999999999
-26.89200000000001
-18.162499999999994
-25.4705
-19.161500000000007
-20.07950000000001
-16.756000000000004
-26.660500000000006
-18.499
-24.00399999999998
-15.244000000000005
-17.38650000000001
-16.474500000000006
-32.821
-11.333
-14.527499999999995
-28.177500000000002
-19.648999999999983
-16.8435
-17.3255
-24.77300000000002
-24.44149999999999
-17.636500000000005
-18.749000000000006
-21.93600000000001
-29.12200000000001
-17.779999999999994
-19.98100000000001
-18.128000000000007
-44.0035
-16.265499999999996
-16.881500000000003
-17.17050000000002
-20.972999999999985
-22.41200000000001
-14.752500000000003
-20.859500000000015
-19.366499999999995
-16.412499999999998
-27.011999999999997
-19.334999999999997
-28.849000000000007
-26.553499999999993
-15.903499999999998
-16.64250000000001
-32.037
-29.156499999999987
-22.84350000000001
-18.411000000000005
-16.143500000000003
-21.96050000000001
-19.663499999999992
-14.477999999999996
-15.893500000000005
-19.93550000000001
-31.53050000000001
-18.3685
-22.092999999999993
-21.413499999999996
-15.654500000000008
-19.171500000000005
-22.408999999999995
-20.635999999999996
-16.526000000000003
-25.11050000000001
-19.008499999999998
-18.791
-16.7635
-24.3995
-16.104
-18.125000000000018
-16.356
-20.154500000000017
-15.301500000000008
-20.09549999999999
-33.8505
-18.505000000000003
-17.307
-17.467499999999998
-15.764000000000003
-18.254000000000005
-20.663499999999985
-16.087999999999987
-22.924
-21.453500000000002
-24.333500000000004
-29.556999999999984
-19.103500000000004
-22.5525
-18.927500000000002
-14.989999999999995
-16.737000000000005
-16.582499999999996
-22.259000000000007
-41.2825
-24.896000000000004
-20.526000000000014
-27.854500000000012
-20.029999999999994
-18.37
-14.6145
-23.332000000000004
-21.80650000000001
-16.49549999999999
-19.277000000000008
-22.45700000000001
-13.71850000000001
-16.566499999999998
-18.115
-16.624999999999993
-20.101500000000005
-18.25850000000001
-18.282000000000014
-19.24249999999999
-15.121000000000006
-24.70449999999999
-26.560000000000006
-20.532999999999998
-27.672499999999996
-19.992
-16.950499999999998
-36.8905
-17.67899999999999
-35.95950000000001
-25.33050000000001
-18.575000000000006
-15.55200000000001
-24.051500000000022
-18.4275
-14.455000000000007
-14.849000000000007
-21.840500000000013
-21.17400000000001
-19.673499999999994
-19.901000000000007
-33.74
-17.724000000000007
-16.94700000000001
-16.631500000000003
-19.966500000000007
