0
14500
16300
10200
14600
15800
10500
16000
15800
16000
15500
15300
17200
14700
14600
14000
4400
4400
15400
17500
15900
16500
13500
15600
4600
16100
14900
15500
4800
13700
15600
15800
17400
16000
14400
14300
14600
14900
16400
14400
16200
14300
15300
14100
2300
17200
16900
17200
15700
14300
15100
16000
13700
16100
10500
14500
15700
17100
15300
16600
15000
15900
16300
15300
16600
16000
14500
15800
14400
16100
16600
16600
18600
14700
9800
6400
14900
11800
13100
14900
14100
14600
14900
16900
15800
14700
14900
16200
16800
10900
14600
15700
17400
14700
14200
8600
15200
16200
14600
13900
15200
15300
17100
16100
14900
14000
16700
16100
1800
16100
16400
16200
14400
15600
16100
11000
14700
14900
2500
14500
14300
15700
13900
15900
16700
14800
15000
16200
15800
15000
15200
14200
16400
15300
14900
14400
14400
18000
16200
15000
16100
15400
14400
16400
16000
15900
14100
15600
17100
17000
16400
14200
16600
15300
15500
13400
12700
14800
14800
14500
13400
14400
14700
15300
14400
16200
10600
16300
16400
14600
13700
14800
16400
15600
15200
15200
15900
17300
15300
14800
11200
15500
10900
14500
17100
15500
7200
16800
14100
16500
15400
17900
15200
17300
3900
17600
15700
16000
14300
18300
15200
15700
15900
16200
16100
14200
16200
15500
15400
15800
7400
16800
15200
13000
14700
15500
15700
13300
15000
16800
15900
14900
15300
16800
16000
6300
12500
16200
16800
15100
16400
16100
14200
14800
16700
16400
16100
16000
16200
15400
16100
6800
15900
14300
2700
15600
16800
14500
16100
17200
14200
15700
9800
14100
14500
14100
14400
16100
16000
15100
15100
15500
18600
16300
16100
19300
16800
9500
17300
15900
17600
13500
16800
15300
16200
9900
16300
14400
15200
14400
15300
14900
14700
16000
15200
16300
14200
15300
16300
15200
14600
15200
17300
15300
16000
15400
15400
16400
14700
15200
15200
15200
15900
10400
3800
18100
15000
14300
15700
14900
15900
15400
16500
16700
15100
15000
15800
17100
15400
14300
16000
14300
15700
13500
16200
14900
16200
16300
5100
8600
15300
16600
19900
14800
15100
15100
16500
16500
10900
11300
15800
14700
14800
6800
15900
15900
16300
16300
12900
16700
16300
16700
16500
16000
14900
16200
15800
14800
16400
15900
14800
15300
7100
16000
7800
14400
14600
5800
15700
18000
16100
14700
14500
14900
15800
17200
17100
14300
16300
16000
9100
12600
17200
12000
8700
16000
5100
15500
15700
16500
7600
14900
14700
15000
16200
17500
14900
16500
15100
12100
16700
17200
16400
17000
15300
17400
14000
15200
14800
16500
15800
15500
14400
12800
15400
14800
17000
16700
13900
16500
16800
16000
10700
15900
15000
16700
14900
15500
17600
15100
13400
13100
14900
14800
16000
14500
16100
14500
15600
8600
16300
18800
9200
14700
16600
14900
15500
15600
14500
15400
15900
17600
15600
17400
3500
16200
15800
14800
15700
15600
16000
15100
15500
17700
15900
16000
15300
13600
15200
15200
14500
14000
15000
15300
17300
14500
15400
16100
17800
10500
14800
14900
9900
14700
15700
8200
17900
15400
15100
12900
16500
15800
14500
15600
15800
16400
15200
6300
13200
14200
15700
12000
13000
16600
17000
12800
16700
15700
16500
15800
15200
15600
14000
14800
15000
15600
16800
16000
14900
15900
16500
15800
9200
14100
18700
14400
16000
15200
16000
15500
16300
16600
7100
15800
16100
16700
16300
16300
15300
14500
14600
16000
15900
16400
15200
15500
15600
16600
16800
15200
15500
16500
15600
15400
14600
15100
15900
16700
16400
16800
15300
17400
17000
15900
15600
16600
14600
14300
17500
17100
17100
18300
16100
17800
13900
17900
17300
17400
14800
16300
14700
15200
8700
14600
2400
14600
12200
11700
15500
11800
15000
17500
16000
16000
16100
5600
14500
15800
16800
14400
17700
14300
14900
16700
16300
15400
17000
16000
3800
15000
16200
14900
14700
9000
15900
9500
9400
15600
15400
17500
14100
16300
15500
16300
9800
2400
14300
6500
17300
14300
2700
12900
17700
15700
14400
15400
16600
15900
18000
16500
13500
15400
14800
17300
16000
14800
15500
15800
15700
16000
11900
13900
14300
15600
17600
15000
16300
15600
16100
14500
15800
15600
15900
16200
14800
14400
16800
9700
14400
17200
16300
16000
10900
15200
14300
18900
16900
15600
15600
17000
14700
14000
15200
16400
14700
14600
15100
15700
5400
16600
16700
9700
14400
14000
16000
4800
14700
15800
14300
15600
7200
15000
16000
14700
15700
15600
16500
14600
14500
14700
16700
15700
12400
18000
15800
15400
14900
13600
14700
14300
16900
16900
15000
15500
14800
13800
16200
14600
15700
3600
16200
14700
16000
17100
14900
16000
15400
15900
17800
15400
15900
14500
16300
14900
17100
15400
16300
16300
15900
14800
16500
16200
15200
16400
14400
16800
-100
13600
15700
17200
9100
15500
16500
15000
15500
15100
15700
7300
18200
15300
15700
16100
16400
14800
15200
15500
8000
16300
16500
16600
14700
16700
14700
17400
6400
14400
15000
15800
18100
13800
15600
15900
15200
15200
18000
15300
3200
15900
16600
16600
14500
7500
15100
9500
16000
15200
16000
14800
15800
14700
16500
15200
16900
14800
16000
15700
15200
16400
17400
15100
15600
15000
14400
15400
17300
14800
16300
15300
14900
13400
16200
15300
18500
14700
16600
15700
16200
16100
16200
14500
14800
14700
14800
16400
16000
16800
16400
2800
14300
15000
14000
16600
16100
16400
13200
15700
15500
16400
15300
3200
10200
15300
17500
6200
15800
17500
14400
14900
19200
7000
15500
17100
17800
14600
13400
6600
14500
16800
14900
14700
15600
15700
16100
7000
15300
17700
15600
15700
14200
15600
16400
16700
4100
17600
14400
16900
15100
16700
14600
15800
17200
15700
15400
15700
17700
17100
14700
7000
16800
17000
11700
10600
11300
17400
15200
14000
17600
16100
16000
15500
13900
16600
15200
16200
17100
15100
17500
15100
14900
16200
16000
17600
17200
16400
10600
16200
8800
16700
16300
16800
16300
16100
15200
15600
16400
15200
16300
14700
16000
16200
15700
15300
14900
15600
16100
15900
10100
15400
2400
14800
15300
15600
18500
17300
15700
14100
4600
16500
1900
11000
15100
14700
12500
17100
17500
14800
15000
15000
14500
16200
15900
16500
16500
3500
18200
16300
3400
16100
7200
18400
14600
15900
16000
15400
14300
16000
14500
15900
14500
16500
15400
15200
14400
15600
14300
15600
15500
14700
16000
2200
16100
16600
15800
15400
14500
16000
15300
10000
15600
13500
15000
16300
14900
15800
16100
16400
15400
19200
8600
16000
15600
16800
18500
16600
17100
15000
18200
14400
14000
14500
13900
13300
1800
16100
12500
14800
4600
14400
14700
15000
15900
16100
7500
17900
13800
14600
15200
16000
17500
16000
15600
17200
15500
14800
15500
15200
15800
14500
18400
17500
15600
15400
15500
15100
15000
13900
15000
15700
15100
14000
14400
15600
14100
15700
14900
14700
16000
14800
14800
15300
13300
14900
14800
17400
14500
16700
14500
15200
16000
16900
12500
17200
15300
14700
17500
16400
15800
16500
18300
13600
14700
5200
15000
16300
17300
13200
15100
15300
17100
15000
14800
15500
15300
14400
15600
15900
15700
15600
15100
10900
15800
16300
15400
14700
14300
17000
15100
15600
15500
14500
15200
17000
17100
15900
16800
16600
15000
16600
14600
14400
16300
14700
14200
15100
6000
9000
14800
15800
14900
14200
15600
16900
15300
15600
17900
16700
15100
17000
16600
15500
17900
14600
16400
6500
16400
14500
15000
16300
16600
15900
14200
16600
15500
14400
7900
15200
14000
16900
15700
15800
16800
16100
16100
14600
18200
15400
14000
15000
14500
15600
17900
14100
9700
16800
16400
16000
14800
16000
15700
13100
15700
15100
15300
16800
16300
15100
15600
15200
16400
14700
15400
15400
14800
16000
17800
3800
16300
16400
13800
15900
3700
14900
15200
14600
17400
15900
15100
16000
14000
15700
11500
15200
11700
15500
15500
14500
8800
15000
15100
15500
14300
14400
15800
14700
14300
15000
16700
14100
15300
15100
14700
15400
14300
15300
15300
9700
14700
14700
13700
15400
15300
14700
15100
16200
4800
17800
15400
15300
15800
17700
14500
15100
4200
13400
14700
15600
14500
15100
15500
17300
8900
16600
15200
15000
13200
14000
13300
14900
16200
15400
16200
16000
15000
13700
13900
14500
16400
15700
16200
14900
15700
15800
14200
15300
15900
15100
16600
15800
16300
17500
14400
17200
15600
14000
15500
15800
13800
14800
17400
16900
10600
16100
14800
14800
14000
14300
14700
15300
15100
15900
14600
14400
16800
15000
16000
11100
15900
16600
16500
18000
17200
17700
16200
16400
14900
16900
15400
15800
14800
16900
16400
16000
16400
3300
15700
16800
17000
11300
18500
15500
15800
16700
15700
15100
14800
17800
14300
15400
15500
6900
14600
16300
9900
15200
8700
15500
15600
15300
16500
15500
15600
14900
15400
16400
15100
7000
15600
16300
14500
14700
16500
15200
15000
15300
16100
15500
14300
14600
15300
14700
15300
16700
16500
16200
15500
16200
15300
15600
15900
15700
15700
700
18200
13900
14500
17100
13800
14500
12700
15100
16300
15600
15700
15000
11100
15700
16100
13600
17500
17300
15700
17600
15500
19300
17700
7400
16200
15100
16700
9500
16500
17000
17000
16100
17100
16600
14600
16400
16000
17000
14200
15800
16500
9400
14900
17100
14800
4500
14300
16200
8100
17200
15900
17200
14600
15500
16300
15500
17000
16400
15300
16700
17000
16300
14100
15300
16300
13700
4800
13600
14900
15700
17400
9200
7000
14000
17000
16400
13500
1700
15700
15800
16100
15900
15700
17200
16500
14600
14500
15900
15500
11700
14700
15200
14000
14400
15200
15900
8300
16600
14900
14100
16000
17800
15100
15800
15300
15900
17100
16300
16200
15300
15700
14300
4000
11100
16400
13700
16200
7800
14400
14600
15100
15700
16300
14800
15300
14400
16400
13200
15700
17400
15200
14200
16200
15200
17200
17600
17400
13500
8400
16000
17000
17700
16500
17900
15800
17900
18500
16200
17100
16200
15800
3200
14800
16600
15200
13900
13300
15000
15400
7400
14600
15500
13700
14800
16400
15600
15300
8300
14400
11700
16200
14700
15900
15200
15900
7600
15600
6400
15200
8700
16400
16000
15200
13900
14900
16400
17600
15500
14900
15300
14700
15300
14000
16500
14200
14700
15300
15800
14900
4600
16400
16200
15200
15500
16000
16200
14100
15300
15300
15800
13700
14700
13900
14600
17000
14100
15400
15600
16000
14200
16800
15200
14800
16100
14900
15300
12800
16500
14600
14100
18100
14900
15300
8000
10700
16600
14100
15600
13700
14400
15700
16100
14200
14700
12700
15900
14800
15900
15000
14400
15400
15600
13200
14600
16900
6000
15600
15500
8600
14900
14400
16000
14100
15300
15700
15500
17200
14700
14800
12100
15200
14200
17200
15500
16700
15200
16000
14000
13900
11800
14100
15100
15700
17200
16300
14300
15200
17200
17200
15800
3600
15500
8100
15600
13800
12900
2800
14800
14700
16000
15800
16400
14400
15300
7800
14800
15600
15400
14300
15700
14500
15600
13700
16700
15300
15300
14600
15400
14800
15500
14100
17800
17200
15800
17200
15900
15700
14600
15500
15600
14900
15400
14900
15500
8900
14500
14900
15500
15900
15200
15000
16300
16100
14000
13000
15600
16600
16500
14100
16100
16900
13700
15900
15500
16200
15300
16100
17100
15700
14600
14900
16100
16600
15500
13600
16400
15200
14800
17300
16500
15500
16300
16400
15500
14100
16400
16200
16000
7900
17200
1600
16300
9300
17300
15800
17900
15100
15000
15500
15800
15000
16000
15200
13400
16900
14600
14400
14200
1700
15700
14000
15600
16200
15600
16900
16600
16200
15800
15500
14800
15600
16100
13500
15600
16600
15700
16100
16500
15000
14200
15200
14500
15900
16000
17100
17200
16600
14500
14600
14200
15500
15000
14700
2200
16700
15000
15900
17500
14300
15000
15100
14000
16800
14200
15400
16600
15400
16000
12300
16400
15400
15300
14900
14000
15800
15200
15600
18400
18300
2700
14500
14800
14600
16000
16900
15700
15800
11400
16800
15000
15300
15900
15600
15400
16200
14400
19800
15100
14700
16800
15500
17100
14600
13800
15100
15100
16500
13900
6800
16800
17700
16200
10200
15000
11600
15800
10000
13900
16200
15000
13700
18400
16500
14100
14500
15900
14600
15100
14200
16400
15900
4600
17300
14200
17300
13500
15600
15700
16100
15100
17300
16000
15600
14200
15100
15100
15300
16100
15300
14600
13700
16900
5800
13300
16200
8500
15600
15100
15400
16800
16500
16300
16000
15400
15600
14900
17400
15700
16000
15500
14500
17400
12700
17400
15800
18500
15600
15500
1500
17200
14100
14500
15300
15000
17000
14800
10800
16000
16300
15900
16100
6300
16500
14400
15700
15900
16100
14200
15500
15000
14800
15000
15000
14900
14400
6700
9600
16000
15400
15900
17400
15800
15300
17600
15800
14100
16900
15900
16300
14800
15100
14500
15800
14400
15000
19600
15700
15300
9000
15600
14300
16200
16700
15300
15600
11500
16200
15600
15400
13600
16500
0
16700
14100
17400
17200
16600
16600
16000
15700
17900
14400
4200
9500
17300
2000
15600
15800
14800
14200
16300
14900
15600
16600
17200
5100
6400
11100
18900
16600
15600
13000
15700
15600
16500
8300
15500
17000
15600
17100
15600
14200
17200
15100
15400
17600
15200
15900
15300
11700
17400
17000
10300
16600
16600
14600
18200
15100
16500
14600
16700
17600
16300
10400
15700
15100
14900
16400
17200
14300
15200
14700
9900
18500
15400
14200
15700
16000
14900
16300
8600
16700
17300
17800
15900
14900
16800
15800
16600
16100
15300
9300
16700
9400
15100
15500
7200
3900
17400
14800
17400
15800
13000
15500
14500
15200
15500
14700
16900
14400
15400
15000
15700
16700
17100
15800
16000
18300
15000
15600
16100
9900
4900
16000
14800
16100
18300
16200
7200
16700
16600
15600
16500
16500
15800
15200
14300
17100
15400
13900
15700
17400
14800
15400
14800
14400
16300
16700
15500
15100
5500
1800
15100
15000
15400
17800
15400
13900
14900
19000
14800
15600
8800
15100
17200
17700
18100
14100
15800
9300
15800
16200
12900
13800
16100
15600
18300
14100
13600
14500
15700
15200
16000
14300
8900
5400
16100
5000
14400
15200
15200
15000
13900
17300
14500
4700
14700
15600
15100
15300
15300
16400
16200
15500
15200
5700
16300
16300
17500
13900
15400
14700
15300
15100
14700
14700
4900
15200
15700
15300
14300
14400
14200
15300
17500
15000
15000
15500
16300
14200
14600
11900
15200
16500
6700
10900
15800
14700
17100
10000
14600
17000
15100
15300
15800
17000
16300
16300
15200
15100
16700
16100
16800
15400
14100
10700
16800
15100
19300
15200
15700
16500
13600
17300
15300
16200
15800
16900
16300
10800
15300
16500
16100
6000
14600
14600
13000
16800
200
16500
16200
15900
16500
15500
16700
15800
19200
14700
16100
15200
15300
14300
16400
15900
12300
4400
16600
15400
15900
16500
17000
15800
14900
16800
15800
14600
16000
15500
15300
15900
14600
15600
14100
16900
14700
15000
14800
11200
15300
18000
16300
14600
13600
15900
13500
15500
6100
17300
14600
13700
15100
16400
14500
14700
15100
16300
15000
15300
14000
12800
14400
15000
16900
17600
17900
16700
15200
16100
15200
14500
14300
16100
14000
18300
15900
17300
14900
15600
16400
14100
16600
13600
16700
14400
7900
10600
16300
10900
16900
14600
12200
15000
14300
17500
15100
16000
15700
14900
14600
15500
14700
14900
14700
14300
15400
10200
13800
14900
15900
13700
16000
7500
15900
16900
10900
15900
15200
10600
16400
14400
16300
9000
16800
8700
16200
17700
16400
15500
16000
16300
7800
16400
15900
10600
16200
15100
16500
15400
17300
18700
3400
17400
19500
6300
14800
15900
16800
16300
1500
16200
2900
16200
14000
4800
15100
14400
16500
16800
16100
15300
16300
19400
15400
16300
15700
16700
15800
15100
3900
14900
16100
14100
13700
14400
17900
14200
16300
17400
14500
17900
15700
15100
15400
15100
18400
12300
15100
15800
14600
14200
15500
16200
15300
18000
15300
15700
14700
15000
4100
16200
14600
15800
15700
16600
14600
14300
15800
17700
15800
16600
15800
16800
13600
15400
13000
13300
16400
17100
16900
15900
15400
15900
15900
15400
16900
13900
16100
19200
7900
17900
16700
14500
10200
17400
16600
16400
18100
14800
15700
16100
14000
14600
18000
14100
15400
16200
16200
4900
16100
15100
15800
17300
18300
14800
15000
17000
5900
15800
16300
16700
17300
16500
16800
16100
14900
15300
14700
18200
17400
16800
17200
16600
15400
15600
10500
16800
15400
16600
14900
3600
14600
2600
15800
15300
15800
16500
18000
16500
14400
15700
15100
15800
15100
15900
8000
16600
15700
4200
13600
18000
14700
10400
16700
16100
15700
14000
16100
17100
14200
15500
17100
15300
16900
15700
16700
15000
13200
13800
16100
16200
14900
14900
15700
19100
14900
14800
15200
15000
17100
16800
15100
16000
14300
15500
19700
16000
16100
9100
15700
16000
16000
16300
16100
15900
17600
14400
10500
14800
16800
17900
17000
14700
16700
16100
16800
14500
17000
17500
14900
15500
16500
16400
16200
16400
16300
18600
14100
14600
16200
14200
14400
13400
20200
16100
17000
13900
16100
17900
14000
15000
15200
16800
7900
15800
16100
15900
15000
15700
14000
16400
14600
16400
14900
15700
15800
16900
15800
18600
16800
14400
6400
15300
14900
16200
16400
16000
17100
15400
15100
15800
3000
16400
14500
14100
13700
8300
14400
15200
16100
15400
14400
16100
16600
16300
17900
13200
14500
16600
16200
16300
17200
17400
13800
16500
15300
13800
16900
16300
3600
17300
16600
17000
15400
9000
13600
8500
15200
15600
15000
16500
16700
14800
14300
17200
16100
14600
14600
4800
17700
15600
15200
14800
8000
15000
14900
16200
16500
15000
15600
17200
15000
16500
16500
14900
15300
15100
15300
6400
15700
16200
16500
16100
15800
15800
16200
15300
18200
15000
7300
15300
15000
16700
15900
17100
15600
15800
16200
15200
14800
15900
15300
16100
16400
6600
14100
15700
16000
16600
17900
15700
15300
15300
15700
14700
15100
14800
15400
16500
14100
5000
12100
16000
15100
16700
15500
15800
14900
5200
16800
16500
14500
16000
16100
15000
14600
15600
15500
16100
5900
15900
15600
15600
16700
13300
16500
16600
15200
15900
15900
14800
15400
14800
15600
16100
2300
16700
14500
15600
13300
15400
14100
15600
16100
15000
16800
13500
15200
14700
16000
15200
16600
16300
15700
14900
15700
14900
15900
17100
15400
14100
15100
13200
14700
14500
15800
11300
14500
15500
14700
16400
18500
15600
16200
16400
15000
14100
16700
16900
16300
16500
15700
14200
15900
16500
7100
15600
16900
15100
9600
4400
14900
17200
16400
15700
14900
15200
15500
15900
15400
15000
13800
15500
16700
14700
14800
15000
16400
16800
15200
14700
14900
14200
16000
14400
14600
16100
15300
15600
15200
12400
15800
15800
17100
18200
14700
13300
17400
15300
15300
17000
14300
14600
15300
15800
17000
15500
16000
15900
9200
17500
14700
14300
15100
18700
14800
15800
14800
15200
16200
16700
16400
14400
15600
14700
16400
12700
14200
16600
16900
17500
