0
-6.093500000000001
-7.718500000000001
-5.128500000000001
-5.9325
-7.015
-4.048500000000001
-5.4464999999999995
-6.023
-5.866
-6.7795
-4.1775
-5.5070000000000014
-6.962000000000001
-4.89
-5.629
-7.971
-7.2415
-9.1195
-7.040999999999999
-6.1745
-4.3495
-5.503499999999999
-5.290000000000001
-6.666500000000001
-4.202
-6.563500000000001
-5.032
-5.6375
-5.590999999999999
-5.332000000000001
-5.010000000000001
-4.999499999999999
-5.7805
-5.822
-5.478000000000001
-5.295
-7.163000000000002
-4.184000000000001
-5.308
-8.515
-6.126
-7.028500000000002
-7.3790000000000004
-4.3085
-5.723500000000001
-5.921000000000001
-7.1565
-5.989000000000001
-5.0105
-7.9700000000000015
-6.657000000000001
-5.414000000000001
-5.907
-5.391
-6.580000000000001
-7.634500000000001
-5.791
-6.873000000000001
-6.7415
-5.614000000000001
-5.958500000000001
-6.930000000000001
-6.7235
-5.054500000000001
-5.7215
-5.053999999999999
-5.7075
-6.566500000000001
-6.389999999999999
-7.697999999999999
-2.9770000000000003
-6.3475
-6.2940000000000005
-5.379
-6.422499999999999
-7.6775
-6.254
-7.9105000000000025
-5.2475
-6.848999999999999
-7.3865
-6.502000000000002
-4.919499999999999
-4.467500000000001
-6.9495000000000005
-6.948499999999999
-5.5125
-6.6545000000000005
-6.949500000000001
-6.5695000000000014
-5.710500000000001
-7.5655
-6.1255
-5.644500000000001
-7.355
-4.959499999999999
-5.385000000000001
-6.914000000000001
-4.46
-7.689500000000001
-5.982500000000001
-5.920000000000001
-6.25
-5.371
-7.179000000000003
-5.7405
-6.9639999999999995
-7.1655000000000015
-7.458500000000001
-7.5445
-6.606000000000001
-5.941999999999999
-5.3815
-5.057
-4.790000000000001
-7.2295
-6.645500000000001
-5.874999999999999
-5.559000000000001
-4.9595
-6.487500000000001
-6.414999999999999
-7.1855
-5.781000000000001
-5.688000000000001
-6.312
-5.7925
-6.376999999999999
-6.6285
-7.046000000000001
-5.5965
-7.1525
-4.216
-6.802
-7.248500000000001
-4.793
-7.407500000000002
-4.5525
-6.138000000000001
-9.0025
-9.013
-6.441999999999999
-5.5755
-6.237
-4.568
-6.193000000000001
-4.9719999999999995
-6.772500000000001
-4.977
-8.265
-7.518000000000002
-5.7485
-6.520500000000001
-6.6655
-7.667
-6.6129999999999995
-6.899
-6.6209999999999996
-4.367000000000001
-6.082500000000001
-7.716500000000001
-7.158999999999999
-6.2059999999999995
-8.248000000000001
-5.7395000000000005
-5.847
-6.7620000000000005
-5.349499999999999
-7.958500000000002
-8.712499999999999
-8.369
-5.8075
-7.4185
-6.8655
-6.775
-7.4775
-6.220000000000001
-8.213500000000003
-6.8825
-6.146999999999999
-6.785500000000001
-8.3205
-7.1745
-4.1785000000000005
-6.964499999999999
-6.834000000000001
-6.350999999999999
-6.3870000000000005
-4.641500000000001
-6.647499999999998
-4.599
-6.718000000000001
-6.809500000000001
-5.6805
-7.2005
-6.766000000000001
-6.131
-5.724
-7.1925
-6.115500000000002
-5.765000000000001
-5.167000000000001
-4.4135
-6.7490000000000006
-6.904
-7.91
-6.821000000000001
-5.444999999999999
-4.48
-6.073500000000001
-6.590500000000001
-7.183000000000002
-6.618
-8.081
-6.9350000000000005
-7.843500000000002
-4.6535
-6.25
-6.9319999999999995
-6.8839999999999995
-5.008000000000001
-5.9985
-5.767
-3.7665
-6.658000000000001
-7.840999999999999
-6.6880000000000015
-7.1115
-4.366999999999999
-5.1625
-6.582999999999999
-5.781499999999999
-6.163
-4.9
-7.579
-6.547000000000001
-7.1685
-7.406
-4.622
-5.256
-5.750500000000001
-7.849999999999999
-6.522499999999999
-6.090000000000002
-5.837
-5.362
-5.9845000000000015
-6.080000000000001
-7.099500000000001
-5.382
-6.142
-6.084500000000001
-6.053000000000001
-7.427499999999999
-6.0025
-5.7045
-5.497999999999999
-6.399000000000001
-6.2475000000000005
-6.773
-5.792500000000001
-8.3005
-6.835000000000001
-6.117500000000001
-6.4255
-7.345000000000001
-7.8155
-7.929000000000001
-6.052000000000001
-5.3435000000000015
-7.0245
-5.5145
-5.5135000000000005
-7.814
-5.665
-7.180000000000001
-5.885000000000002
-7.4045
-6.9085
-7.641000000000002
-7.38
-5.772000000000001
-6.2705
-5.713500000000001
-4.1195
-6.667000000000002
-7.402500000000002
-7.115500000000001
-5.476
-6.452
-5.2945
-6.2005
-5.575499999999999
-7.177999999999999
-6.1240000000000006
-5.392
-6.688500000000001
-6.916
-4.945499999999999
-4.6739999999999995
-6.116
-6.9395
-4.943999999999999
-6.330000000000001
-6.2395000000000005
-8.305499999999999
-6.536
-5.162
-6.443000000000001
-6.676
-7.342999999999999
-5.700500000000001
-7.892000000000001
-6.473000000000001
-8.0225
-6.022
-6.273000000000001
-6.531999999999999
-6.0295000000000005
-7.007999999999998
-6.961
-8.0425
-7.572000000000002
-6.206499999999999
-6.768000000000001
-5.464
-4.8245000000000005
-5.985
-5.2075
-6.000499999999999
-6.007
-7.7044999999999995
-5.915000000000001
-7.805000000000001
-8.348500000000001
-5.473000000000001
-6.0954999999999995
-7.061000000000002
-4.897
-7.6835
-6.271499999999999
-7.242000000000001
-4.083500000000001
-6.5455000000000005
-7.1605
-7.1505
-5.498
-8.128499999999999
-7.894
-5.3885000000000005
-6.479
-5.4085
-5.361
-6.3655
-6.856999999999999
-6.4079999999999995
-8.153500000000001
-4.911500000000001
-7.315000000000001
-4.6735
-5.7085
-7.2875000000000005
-7.6045
-6.245000000000001
-4.156499999999999
-6.167000000000001
-6.858500000000001
-6.144
-5.0925
-6.129
-6.0729999999999995
-7.917500000000001
-7.2295
-6.483500000000002
-4.846
-6.730000000000001
-6.996
-6.3165
-5.667
-7.3275
-6.893499999999999
-6.290499999999999
-6.289000000000001
-6.9265
-6.4265
-7.250500000000001
-6.521000000000001
-6.919000000000001
-6.601000000000001
-5.538499999999999
-6.461500000000002
-5.126
-7.9235000000000015
-7.8355000000000015
-5.426500000000001
-7.2090000000000005
-7.412999999999999
-7.598000000000001
-5.663500000000001
-5.824
-7.155500000000001
-7.996
-5.771999999999999
-6.752
-6.993
-9.249
-6.307499999999999
-6.107
-5.973
-7.753500000000002
-5.806
-6.366
-6.75
-6.738000000000001
-5.700999999999999
-6.017000000000001
-9.065000000000003
-7.614
-6.682
-6.471000000000002
-6.3275
-7.539499999999999
-6.8775
-8.5655
-7.423999999999999
-7.5465
-6.202
-7.386499999999999
-6.3275000000000015
-7.004500000000001
-7.117
-7.385999999999999
-8.415999999999999
-5.9035
-6.902000000000002
-8.387
-5.878500000000001
-6.317000000000001
-6.881499999999999
-8.744
-6.971000000000002
-7.0765
-6.906000000000001
-8.351500000000001
-7.459499999999999
-7.7170000000000005
-5.327000000000001
-4.6915000000000004
-6.7685
-7.990999999999997
-5.3895
-6.942
-5.335500000000001
-5.626
-6.359
-6.120500000000002
-6.555
-6.749000000000002
-5.4855
-3.7985
-6.472499999999999
-7.692500000000001
-4.6365
-6.514
-6.559500000000002
-6.708500000000001
-6.7475000000000005
-7.414500000000001
-4.8935
-5.808
-7.549000000000001
-6.5695
-6.266500000000001
-8.936
-6.080000000000001
-6.7675
-6.1065000000000005
-8.423
-4.5765
-4.657500000000001
-5.802500000000001
-7.6465
-5.371
-7.1964999999999995
-7.433
-6.5104999999999995
-7.0489999999999995
-7.496
-6.378500000000001
-7.0195
-6.0520000000000005
-4.932499999999999
-7.261500000000002
-6.172000000000001
-7.6355
-5.2315000000000005
-6.5865
-5.7815
-7.444500000000002
-6.386999999999999
-8.063500000000001
-5.6895
-6.5075
-7.1345
-6.6455
-7.495
-8.037500000000001
-6.9159999999999995
-6.709999999999999
-7.112500000000001
-7.132
-7.715
-6.9590000000000005
-6.172000000000001
-6.615000000000001
-7.639500000000001
-5.6290000000000004
-6.552999999999999
-6.326499999999999
-7.010999999999999
-6.048499999999999
-5.482000000000001
-6.124
-6.136000000000001
-6.373000000000001
-3.9979999999999998
-3.968
-5.4815
-8.406500000000001
-6.4060000000000015
-6.678
-7.3515000000000015
-5.1339999999999995
-6.1865
-8.024000000000001
-8.242
-7.2524999999999995
-8.228
-6.1395
-7.0405
-8.402000000000001
-5.986999999999999
-7.657000000000001
-6.756000000000001
-7.7989999999999995
-6.2065
-7.405999999999999
-5.9624999999999995
-5.928000000000001
-6.927999999999999
-6.751499999999999
-6.280500000000002
-5.897
-4.6455
-6.911
-6.917500000000001
-7.493999999999999
-7.484500000000001
-5.3825
-7.566499999999999
-6.977000000000001
-8.837499999999999
-7.045000000000001
-5.3
-5.3950000000000005
-7.8184999999999985
-7.246500000000001
-6.845999999999999
-6.5475
-7.156499999999999
-6.6419999999999995
-6.993000000000001
-6.4575
-6.346500000000001
-6.1365
-4.106
-8.141000000000002
-7.6145000000000005
-8.348499999999998
-6.706999999999999
-7.611999999999999
-6.6625
-6.975000000000001
-6.568500000000002
-6.025000000000001
-6.7335
-4.7625
-4.7485
-9.350500000000002
-7.734500000000001
-6.844500000000001
-5.486000000000001
-7.0555
-7.6175000000000015
-5.036
-6.698
-6.1675
-5.645499999999999
-6.230500000000001
-7.667000000000001
-6.1175
-7.788500000000001
-7.415000000000001
-8.0475
-5.7935
-8.9495
-7.0825000000000005
-7.569500000000001
-6.494
-6.731
-7.3100000000000005
-6.570500000000002
-6.22
-8.658999999999999
-8.789500000000002
-7.691
-5.001
-10.761499999999998
-5.466000000000001
-5.552500000000001
-6.968
-6.85
-6.3005
-7.339000000000001
-6.9990000000000006
-5.582000000000001
-5.611500000000001
-5.6034999999999995
-7.278
-6.860999999999999
-6.4215
-8.769
-7.877
-7.025
-6.5985000000000005
-6.955500000000001
-8.060000000000002
-7.448500000000002
-6.863999999999999
-5.7465
-8.749500000000001
-5.652
-6.290500000000001
-7.185500000000001
-6.9095
-6.2315000000000005
-5.0775
-9.441500000000001
-7.217500000000001
-5.3565000000000005
-7.5305
-9.5185
-6.991
-7.3999999999999995
-7.173999999999999
-8.0095
-6.150499999999999
-6.393
-6.905000000000001
-5.872999999999999
-4.5635
-7.9719999999999995
-7.077
-6.028
-7.229499999999998
-7.541000000000001
-7.814000000000001
-5.361
-5.812000000000001
-7.132
-8.243
-7.5135
-6.811500000000001
-7.708499999999999
-6.1290000000000004
-7.097500000000001
-7.204999999999999
-6.9495000000000005
-7.057999999999999
-7.1465
-7.038
-6.5515
-5.532
-5.9285000000000005
-7.9145
-6.838
-6.3435
-7.719000000000002
-4.3555
-6.702000000000001
-6.995500000000002
-6.863
-7.495000000000001
-4.909000000000001
-6.534999999999999
-6.821000000000001
-6.2335
-8.57
-7.289000000000001
-7.408
-6.4270000000000005
-7.0215
-6.4805
-5.155
-7.223
-6.097000000000001
-6.400499999999999
-8.311999999999998
-6.716
-6.672999999999999
-4.325
-8.707
-7.1225000000000005
-7.254500000000002
-6.111000000000001
-6.7495
-6.627
-7.636500000000001
-7.582000000000001
-5.434
-6.570499999999999
-6.991500000000001
-7.709000000000001
-5.706499999999999
-7.8675
-5.947500000000001
-6.62
-6.091000000000001
-7.4085
-6.896
-7.950000000000001
-7.937
-6.859000000000001
-7.848500000000001
-6.8675
-5.7684999999999995
-6.163
-8.3385
-8.522500000000003
-5.6855
-5.1695
-5.01
-6.541
-6.129
-7.548500000000001
-6.936
-6.413499999999999
-5.674
-7.879999999999999
-6.8265
-8.128
-8.333999999999998
-6.639499999999999
-5.8035000000000005
-6.7775
-5.797499999999999
-7.259
-6.355999999999999
-6.553000000000001
-5.739000000000001
-8.6355
-4.7075000000000005
-4.907500000000001
-6.805499999999999
-7.070000000000001
-8.638000000000002
-6.475
-6.527500000000001
-9.948000000000002
-6.877499999999999
-5.601000000000001
-6.185499999999999
-6.5955
-7.6835
-6.714500000000002
-7.4879999999999995
-5.598000000000001
-8.308500000000002
-6.377999999999999
-6.9065
-8.559000000000001
-7.525000000000002
-5.709
-8.638000000000002
-6.9275
-5.960500000000001
-5.9025
-8.8675
-8.370499999999998
-7.237000000000001
-6.154
-8.575
-6.845000000000001
-6.587
-6.3530000000000015
-7.848000000000001
-5.7695
-5.9795
-6.834
-7.604
-6.574500000000001
-7.5790000000000015
-6.881999999999999
-7.625500000000001
-6.968500000000002
-5.106000000000001
-5.5310000000000015
-8.144000000000002
-7.251499999999998
-6.682500000000002
-6.781499999999999
-7.120500000000001
-8.0565
-7.371999999999999
-6.059000000000001
-6.8469999999999995
-7.3950000000000005
-5.8740000000000006
-7.2145
-5.618
-7.182
-5.7705
-6.526999999999999
-4.6145000000000005
-5.965000000000001
-5.8740000000000006
-8.035
-6.867999999999999
-7.000000000000002
-7.601499999999999
-8.415999999999999
-7.7715000000000005
-5.602500000000001
-9.005999999999997
-7.197500000000001
-5.4465
-5.7135
-6.574
-7.2010000000000005
-6.005999999999999
-7.6770000000000005
-7.2250000000000005
-9.450999999999999
-6.2015
-6.258500000000001
-6.643500000000001
-6.4559999999999995
-5.509
-8.2515
-7.204999999999999
-7.067500000000001
-6.1255
-7.2865
-7.4935
-7.115
-7.237
-6.173500000000002
-5.4345
-6.757499999999999
-8.039500000000002
-6.555500000000001
-8.433500000000002
-7.450000000000002
-5.562499999999999
-8.0705
-8.4115
-6.2655
-8.065
-7.545500000000001
-5.687500000000001
-6.4609999999999985
-8.1425
-7.154500000000001
-7.492500000000001
-7.247999999999999
-4.4975000000000005
-7.5375000000000005
-7.313500000000001
-6.9405
-7.2444999999999995
-8.726000000000003
-6.748
-5.0365
-7.883500000000001
-4.406000000000001
-8.1605
-7.198000000000001
-7.0425
-7.9289999999999985
-6.908999999999999
-6.956500000000001
-5.504999999999999
-5.182
-6.553500000000001
-7.12
-6.507000000000001
-7.139999999999999
-7.225500000000001
-5.9565
-6.056
-8.3985
-7.383499999999999
-7.969499999999999
-8.108000000000004
-7.2410000000000005
-6.6195
-6.9245
-7.3534999999999995
-5.394500000000001
-7.2570000000000014
-6.599500000000001
-5.2945
-7.414500000000002
-8.472000000000001
-8.692500000000003
-7.5575
-6.011500000000001
-8.866999999999997
-7.1165
-6.274499999999999
-6.744499999999999
-5.677000000000001
-5.727
-9.3945
-7.320499999999999
-5.909000000000001
-5.6935
-6.351000000000001
-6.752000000000001
-5.507
-6.436500000000001
-7.542999999999999
-7.9685000000000015
-6.984
-6.3585
-7.263
-6.6499999999999995
-7.1259999999999994
-4.7065
-6.805000000000001
-7.804499999999999
-7.496
-7.094999999999999
-6.6885
-5.802
-7.400500000000001
-6.733999999999999
-7.714000000000002
-8.471
-5.937999999999999
-6.0365
-5.942
-7.349500000000001
-7.3105
-7.467500000000001
-6.0409999999999995
-7.262
-5.984500000000001
-6.649
-5.306500000000001
-7.366999999999999
-5.4225
-7.992000000000002
-7.340000000000001
-7.7405
-5.910499999999999
-7.162
-9.140000000000002
-9.9885
-7.776000000000002
-7.169499999999999
-7.330500000000002
-6.63
-6.278
-7.8195
-5.947000000000002
-7.2170000000000005
-5.931000000000002
-8.354500000000002
-6.6495
-5.6355
-5.097
-5.617500000000001
-6.841
-5.457
-6.832999999999999
-10.323500000000005
-7.5085
-5.4095
-9.702500000000002
-7.0675
-9.043999999999999
-6.7805
-7.721500000000002
-4.872
-9.208
-8.761499999999998
-7.091000000000001
-7.735
-6.469000000000001
-8.136
-5.157
-6.362999999999999
-6.401000000000002
-6.7
-5.786000000000001
-6.4975
-9.9475
-7.05
-8.246500000000001
-6.8615
-7.997000000000002
-7.3055
-7.395
-9.967500000000001
-6.1770000000000005
-7.091000000000001
-6.941
-6.8535
-6.0615000000000006
-4.3235
-6.506499999999999
-7.2355
-6.654000000000001
-9.082500000000001
-6.1855
-5.7965
-9.894999999999998
-9.320500000000001
-5.678999999999999
-4.9085
-8.1095
-7.727000000000001
-7.761000000000001
-6.954999999999999
-5.420000000000001
-5.762999999999999
-7.872
-8.455000000000002
-7.7
-9.123
-6.1545000000000005
-5.4910000000000005
-7.304
-5.3605
