0
1.2635799999999993
0.2272200000000013
-1.8413299999999988
2.0083600000000006
1.2128750000000035
2.6606000000000005
1.0450000000000017
1.8891799999999987
1.7659400000000014
3.661870000000002
0.522150000000001
1.6279300000000019
-4.389950000000001
2.8083499999999995
3.2287400000000046
1.5261799999999983
2.250319999999999
2.7979400000000023
-1.5619966666666691
1.4136100000000011
2.9163600000000036
-7.5938500000000015
2.2454600000000005
2.935820000000004
0.7787799999999987
-0.6606000000000005
3.1366000000000023
-3.7650049999999977
2.8350400000000007
1.4945200000000018
-4.408289999999999
-1.324770000000002
-1.978079999999999
-15.430785000000002
0.8024399999999989
2.399190000000001
5.171500000000001
-2.7926150000000005
-1.3526999999999998
1.2607200000000014
3.407799999999999
-6.512690000000001
2.0750399999999996
-2.073970000000001
0.6271500000000019
1.6185
-0.3942099999999976
0.7322900000000001
2.176119999999998
3.6016700000000013
1.424479999999999
1.6269400000000034
-6.003769999999998
2.867860000000004
1.5542000000000002
1.5651099999999998
1.4011200000000024
-0.7883200000000016
1.319100000000001
0.835190000000001
2.0458300000000027
-2.51042
2.6011700000000024
-2.2277166666666672
1.0883599999999993
0.1098300000000001
0.9994300000000018
1.0582400000000014
0.30802000000000085
0.47333000000000003
2.5121400000000027
-14.107520000000005
-11.171722333333332
1.3883199999999993
1.1562900000000007
-1.36863
-1.4501499999999983
0.6807500000000017
1.6156100000000002
2.2302899999999997
2.25333
1.0682299999999993
0.6947399999999995
1.6475400000000007
1.2371699999999999
2.290089999999999
1.2867600000000015
1.57192
3.3849200000000073
2.0326200000000005
2.290839999999998
-0.7486100000000011
0.3265349999999996
4.0103500000000025
0.319110000000002
-5.264400000000001
0.08383000000000052
-0.09085999999999927
0.7667100000000004
1.9864900000000034
1.2170300000000007
1.5776700000000008
0.6479400000000004
-4.3497200000000005
2.9278399999999993
2.4843
0.8283899999999995
-0.97175
-12.635283333333337
2.08331
2.832870000000001
-0.4413699999999998
1.678510000000002
0.7426416666666649
0.7605699999999991
-6.391105
-7.2543500000000005
3.201179999999999
1.1038750000000008
1.8510600000000026
2.1536799999999996
1.250160000000001
-3.0948400000000005
-2.9604750000000033
0.5660783333333346
-6.31233
0.9408000000000014
-0.043290000000000384
-5.698189999999999
-1.1233999999999993
0.9360500000000018
-6.694839999999998
0.3634700000000015
0.5719600000000011
1.1844800000000015
0.8328700000000002
-0.48814
0.07647000000000137
1.8326399999999992
0.2722699999999998
-4.4399066666666664
1.8332799999999998
-3.062239999999998
3.211630000000004
-1.1361099999999997
1.3722999999999983
1.5298800000000008
-0.6000099999999999
-0.7659499999999998
0.3164200000000008
1.579679999999998
2.4886200000000036
3.0842
-8.538829999999995
-1.33468
0.9364600000000023
1.2782600000000026
1.1875500000000012
1.2713726666666654
1.211310000000001
3.0264499999999996
1.663380000000001
1.0095900000000002
1.2366200000000025
1.5037600000000007
3.007170000000003
-1.8153699999999988
1.032329999999999
0.8640299999999987
3.4358399999999962
1.0352100000000006
-0.489139999999998
-1.5438433333333346
0.37762999999999947
0.1614799999999994
1.4783500000000025
-1.5190599999999999
0.6240400000000041
0.9314200000000024
-15.495209999999988
3.2295000000000043
0.9346600000000027
-6.778559999999998
1.847570000000001
0.06080000000000019
1.9153600000000006
2.507570000000002
-7.422949999999998
0.31596000000000024
2.531710000000005
0.7279999999999998
1.4828200000000002
3.137079999999999
4.52444
3.6550399999999934
0.09397000000000211
-3.40896
2.2036
-1.0718899999999991
3.737520000000001
4.6104199999999995
-3.0837199999999996
-2.209929999999999
2.63315
2.7153
0.474119999999999
0.09998000000000129
1.8498350000000006
3.4645100000000024
2.6503400000000017
1.083750000000001
-12.717365
2.4484000000000012
-0.91617
2.9062099999999993
2.0684300000000007
1.1308699999999994
0.8679399999999977
2.3473900000000008
0.12130000000000085
-1.984693333333333
0.4520300000000004
0.4907600000000012
0.21153000000000044
1.5008300000000006
-7.639315
2.415980000000003
1.2459800000000003
1.0637233333333338
-0.6841750000000005
-0.1367700000000004
0.763830000000002
-8.69155333333333
0.9172299999999995
2.1143699999999983
3.9921000000000033
1.5885299999999996
-0.05387999999999993
0.9593999999999978
0.46107000000000076
-4.451790000000001
0.8571800000000014
0.42365999999999926
-0.23116999999999976
1.3909899999999995
-3.060523333333334
1.3245399999999994
1.6909600000000014
1.3346900000000006
0.49795999999999974
1.65408
-15.924348333333327
2.69221
3.439359999999998
0.6030500000000005
0.49517999999999995
1.4082000000000003
1.3505400000000023
4.973349999999998
-3.5747199999999983
0.05252000000000212
0.33540000000000036
1.7593200000000015
0.5297800000000004
2.98761
1.2139800000000034
0.6526500000000013
0.3020500000000008
0.10509999999999908
-1.002195
2.389920000000002
0.25608999999999993
-0.05922000000000016
1.949560000000003
2.056829999999998
-8.66211
-7.537240000000001
1.0161800000000012
-0.01517500000000005
-4.214625
0.6090199999999997
4.5315
-5.471169999999999
2.55814
-9.905008333333335
-14.320535000000005
2.2036400000000005
3.283590000000003
-4.6991700000000005
0.43244999999999956
1.970830000000002
-10.265859999999998
-2.1587899999999998
-10.481130000000002
-15.705699999999998
-3.6314050000000013
1.0231899999999987
3.6276300000000017
-0.40559000000000023
-0.29909500000000044
0.278789999999999
1.9077500000000032
1.9135899999999983
3.1377500000000023
2.3694600000000037
-1.5003600000000008
0.6064499999999995
2.873510000000002
0.005390000000000672
1.948990000000002
1.4567650000000016
1.0575000000000019
1.7478399999999992
-5.528384999999999
2.3415599999999994
0.7355500000000006
1.47019
1.596210000000001
-0.5461200000000004
0.3494850000000016
1.0698300000000014
0.6045000000000003
-0.09678999999999849
1.124690000000002
0.9779099999999994
-4.423760000000003
2.4662800000000002
0.6481200000000007
3.2430100000000053
-0.7842200000000005
2.441710000000002
1.5595099999999982
-1.8403599999999996
0.8583100000000001
2.0718100000000006
0.3510400000000016
-1.1926299999999999
-1.5407300000000004
-2.2609200000000005
2.6080299999999985
-12.151750000000003
0.8020799999999992
1.6564500000000022
1.2218400000000003
1.0773299999999995
-0.08311999999999964
3.2347500000000036
2.1627899999999993
0.26895000000000047
1.080779999999999
-0.13666999999999963
1.6959800000000027
-13.288234999999998
1.6300999999999997
0.839808333333333
0.42578000000000005
-1.36688
-0.6436999999999984
0.3451599999999997
1.0370699999999995
1.2003700000000004
-4.04079
-7.37233
1.4859400000000047
-0.0607699999999991
0.8159999999999998
1.0926500000000012
2.3302199999999957
-0.3256600000000005
1.3888016666666672
0.6186000000000003
2.4370899999999986
-9.058675000000001
4.290270000000004
2.071010000000004
-6.55312
0.7910999999999997
0.5100800000000003
-2.4992100000000006
-11.927204999999999
-1.205063333333332
1.249030000000002
-7.1400383333333375
0.7386299999999995
-0.13665999999999978
-2.3338699999999992
-7.002655000000001
0.69214
2.1203800000000035
1.955810000000001
0.4779600000000006
0.9084500000000006
-10.103905000000001
-0.32470999999999994
-0.30873999999999946
1.5047900000000003
0.8882500000000007
-1.885800000000001
0.87364
2.0541700000000036
0.7182700000000006
-7.002792499999995
1.716839999999999
3.4150700000000027
0.30735999999999963
0.8806600000000018
2.0129400000000013
2.59941
3.003580000000003
2.234729999999999
0.7507600000000012
1.7886499999999983
1.1225500000000013
2.1958300000000017
0.8081600000000002
-3.5130500000000002
-1.6935933333333337
-3.854214999999998
-0.018999999999999573
0.4950400000000006
-0.7577399999999996
0.6829600000000005
-6.56471
0.12993999999999994
-0.33678999999999815
1.3027499999999992
-0.94814
0.4829800000000002
0.5639150000000004
0.60347
0.9128199999999993
3.2314000000000007
-5.878546666666668
1.038959999999999
0.28469999999999906
0.5221099999999999
2.4993100000000013
-7.373875
3.3513899999999994
1.2304499999999994
1.3744250000000018
2.5747699999999933
2.560970000000001
0.041139999999999954
2.487249999999999
1.6906499999999993
-0.0009500000000003395
2.141470000000001
-4.951315000000001
0.8879500000000002
1.3887799999999997
-5.843035000000002
0.6758799999999998
0.37964000000000064
-0.3407300000000002
2.4790800000000024
2.953080000000007
1.9013800000000018
1.80044
-2.0293399999999964
2.5084700000000026
2.9616300000000075
1.49219
-3.1123633333333323
0.7416099999999997
0.7168600000000003
-2.217601666666667
2.884640000000001
-0.1562399999999997
1.0902099999999995
1.252120000000002
1.6538000000000017
2.2846949999999984
2.3160900000000004
1.2219599999999997
0.2036000000000009
1.1856600000000004
-1.6638199999999999
-4.079244999999999
1.4930600000000012
3.188450000000003
3.831979999999997
1.9724500000000007
-10.982749999999996
1.9681900000000003
0.21458999999999895
0.5332000000000008
2.906000000000002
-3.0497099999999997
-0.4255149999999992
0.8068000000000006
-3.3496966666666665
-0.5549483333333345
-4.534139999999999
3.383490000000001
-7.580143333333333
-0.7921500000000002
0.9348700000000014
1.3667999999999996
-0.3155799999999995
1.5255500000000017
-0.008649999999999602
0.5484900000000021
1.3270499999999998
-5.882434999999999
-1.7145900000000007
1.6219300000000016
3.5641200000000044
2.2034500000000006
-3.08173
-1.5816700000000006
1.4285100000000064
7.315950000000001
0.3542300000000016
3.020340000000002
2.1518199999999994
1.167730000000001
1.6730500000000021
-5.29951
-0.19239999999999957
-0.6682000000000005
2.1807100000000026
2.0649800000000025
1.2141600000000001
1.1933600000000015
-7.32087
1.1862399999999997
-6.779779999999999
-1.0165669999999987
-2.501055
-7.933599999999998
2.4781600000000052
-0.8883599999999998
-5.8255
1.7212900000000015
2.0828399999999996
1.7245900000000023
1.1782200000000005
1.1966700000000006
3.7843199999999966
-6.690963333333333
1.7648600000000019
0.7430700000000023
0.9972200000000015
2.3599000000000006
1.2011500000000033
1.4722299999999988
-0.18899000000000032
-3.6200099999999997
0.741779999999999
1.2854200000000002
-4.917139999999996
-3.8223700000000003
-6.524523333333334
0.34713000000000216
3.590480000000004
1.3517700000000024
1.2915800000000028
0.865600000000001
4.353599999999999
-5.575155
1.5064400000000018
-0.570299999999999
-5.0148
0.3343400000000014
-5.032948333333334
3.1833800000000014
-0.8221300000000004
3.9536000000000033
0.11181499999999955
1.7357900000000024
3.936630000000001
-2.04835
1.6524199999999984
1.875230000000002
3.5783400000000025
3.81147
1.1891100000000003
-0.11612166666666723
2.687660000000003
1.969310000000001
3.2187100000000015
1.4888899999999987
0.9311900000000024
-0.6598199999999999
-0.673099999999999
-3.397644999999997
0.8317600000000014
1.6661299999999986
2.5887900000000004
0.6818299999999999
0.01496999999999904
-2.19233
1.0009600000000023
0.1686000000000012
-7.077795
-5.7772250000000005
3.2999600000000022
1.4565700000000006
-8.70619
0.27690000000000325
1.1368933333333344
1.3365099999999988
-1.8513283333333328
-0.6903600000000004
-2.4522499999999994
2.0083600000000024
3.2606100000000016
0.7459800000000001
1.108490000000002
0.036480000000000956
0.10269000000000172
3.07744
-3.796543333333335
-6.299976666666666
1.717580000000003
1.8050399999999995
0.18451999999999869
2.484769999999996
-2.5528099999999996
1.0985300000000002
0.899980000000004
1.8162600000000015
-2.081925
0.441140000000001
-0.15779999999999927
2.3547499999999983
0.23729499999999937
1.4808200000000022
-5.788684999999999
1.8272500000000016
3.7662400000000034
1.646550000000004
-0.39771000000000245
-1.5940699999999994
2.3156900000000014
2.7265499999999996
2.3606500000000024
5.733870000000004
0.8122300000000013
0.7714300000000003
2.0811799999999994
2.4412999999999996
-10.887050000000002
-7.93332
1.2252199999999998
0.8165700000000002
-3.5235499999999993
2.9712099999999992
2.6050400000000025
-5.471999999999999
-0.54963
3.011840000000004
-2.86332
1.1278200000000007
1.6084300000000002
1.8291200000000005
1.5419800000000041
1.6093900000000012
-3.6664283333333327
0.06792000000000087
2.891980000000004
3.100100000000001
3.0015100000000015
3.0748799999999985
-11.23645
-3.6588700000000007
1.5207100000000002
1.0038799999999992
0.3827600000000009
3.326520000000002
-3.57472
3.334600000000002
1.352590000000002
1.3224199999999997
3.2958500000000024
0.49538999999999866
0.33285000000000164
3.495200000000003
0.2019000000000013
0.46469999999999856
1.632550000000001
0.3720999999999999
2.1358099999999998
0.4139800000000009
2.1420466666666695
1.7714500000000029
1.3653600000000004
-4.736675
2.3044799999999976
-0.15398666666666583
1.7003
0.4072800000000014
-10.183670000000001
-0.48325999999999925
0.7753100000000004
1.3068800000000023
1.8972700000000025
1.0561100000000052
3.0967100000000025
-5.900234999999999
1.2693750000000015
2.025910000000001
3.716229999999996
1.1204500000000013
2.4381200000000027
-0.8311000000000001
2.2318599999999993
0.6780700000000004
-2.0605949999999997
-10.35468
2.3119500000000013
0.6219200000000034
2.2070600000000007
0.7535599999999996
-2.4897500000000004
-4.745890000000001
0.7520100000000005
0.30000000000000093
2.0751500000000016
-0.34524999999999995
1.1567500000000006
-3.74299
0.7253800000000001
1.9096900000000026
1.609259999999999
1.013139999999999
0.7091100000000012
3.4384299999999968
0.9146699999999996
0.0971896666666674
-1.5609
-5.165839999999998
2.04469
-2.0858733333333337
2.120730000000001
0.9584800000000013
3.370359999999999
0.34586000000000205
2.382030000000001
0.658040000000002
2.531260000000001
0.24330000000000096
1.2165100000000009
3.081190000000004
-4.994635000000001
-0.5989199999999983
0.6730400000000003
3.1655200000000017
0.6426649999999998
-5.53671
1.7174100000000037
-10.159640000000001
1.4974499999999997
2.11114
-0.4181700000000004
1.0631599999999994
-0.22855000000000047
1.8314999999999992
2.3948199999999993
3.008195000000004
-5.613580000000002
-10.173759999999998
-7.596456666666667
0.5059000000000029
-10.004729999999999
1.0988999999999973
-12.042879999999997
3.193640000000002
1.4744299999999995
0.7575400000000012
1.6628500000000006
1.5072966666666638
0.633500000000002
2.0966900000000006
-3.2601600000000004
1.7593799999999975
-0.2270700000000001
1.0578600000000038
1.7767300000000015
3.0024900000000008
0.33915000000000184
0.03296999999999928
2.317750000000001
0.6494199999999979
0.432500000000001
2.074899999999998
1.279980000000002
2.9644400000000024
-7.528623333333332
0.5636599999999994
2.0877500000000015
1.7285200000000005
0.6700500000000016
-3.740085
2.2278899999999995
0.9568800000000024
0.24478
-1.6544499999999998
-5.738910000000001
3.633060000000003
2.9910100000000015
2.3121300000000033
3.208070000000002
1.9637000000000038
0.8156300000000012
1.1250600000000008
-0.29178000000000004
1.3703500000000015
1.6838099999999998
1.1107
-0.16541999999999868
2.4027400000000005
1.6816900000000041
0.18883999999999923
1.5606299999999997
-1.9909633333333328
4.100429999999995
-5.834620000000002
1.2566100000000024
0.4288100000000006
1.478050000000001
2.6577699999999993
2.4597100000000003
1.2664500000000012
0.594479999999999
1.2324000000000006
-1.4356899999999992
1.9630299999999998
-3.059750000000001
-0.049599999999998534
-5.031365
-0.1786799999999995
0.6913100000000003
4.257120000000003
1.3034799999999982
1.040720000000002
0.9808100000000031
2.733869999999995
2.19411
-0.29093000000000024
3.198450000000002
1.21563
0.14186999999999905
0.04538666666666602
3.7396100000000008
2.2873799999999957
1.8751700000000024
3.4977300000000007
0.17874000000000012
2.1114399999999995
0.44821000000000066
0.9893799999999997
3.8130200000000007
1.855350000000001
0.9675900000000011
1.5490500000000025
-7.7003049999999975
1.5489900000000016
3.0096500000000015
0.7245500000000007
2.5190300000000008
1.7704400000000042
2.628310000000002
0.5104400000000007
2.6546400000000046
1.5591099999999996
2.438750000000001
0.5536600000000003
1.2615400000000014
2.0374700000000012
2.590929999999999
3.1035799999999973
1.2744500000000003
1.6600000000000001
1.7721899999999993
2.599029999999999
0.24881000000000086
-2.3578199999999985
-6.231049999999999
3.521320000000001
2.5070399999999986
1.7396399999999974
-2.65162
-6.326020000000001
-3.64916
2.2198759999999993
0.261270000000001
1.0079100000000007
-1.53646
1.4025199999999987
0.13299000000000105
1.7381599999999975
0.8015900000000016
2.7297599999999975
2.1854100000000005
0.41782000000000097
1.54035
0.7184650000000021
2.8902000000000037
0.5907350000000002
2.0647400000000027
1.0071300000000023
0.3388699999999998
3.558160000000006
0.3317000000000001
0.3878400000000011
-6.968535
-7.350440000000001
1.6287099999999999
0.6957400000000009
4.287130000000006
1.98441
1.4149199999999995
0.8674700000000015
0.9003700000000034
-8.020449999999999
-3.644920000000001
-7.115725
2.913960000000001
-2.8617599999999994
0.19636000000000053
2.668480000000001
0.6386100000000001
1.5580500000000028
-3.76498
-10.300753
1.8706099999999992
0.9237900000000026
-8.646600000000001
1.7263100000000011
0.4982099999999994
-1.91512
-5.89703
-1.7015000000000002
1.4709900000000018
1.8756900000000032
-8.42973
1.6172850000000007
0.6458800000000002
-1.1138416666666668
-0.1517200000000004
1.4938099999999999
1.6417400000000018
-6.029785000000001
-6.554480000000002
1.0302900000000004
-4.919074999999999
2.579940000000002
-1.6116783333333327
1.9869299999999996
1.920240000000001
3.3346999999999998
0.433770000000002
-7.22608
-2.4913799999999986
-5.066260000000003
-0.8509500000000007
2.730390000000001
0.5649399999999987
-0.03317999999999954
1.7965500000000012
0.19623000000000013
1.1234299999999995
2.079189999999999
1.7814699999999992
-2.62671
0.7983900000000006
2.0679499999999997
0.7716699999999992
-1.2859799999999988
-8.83223
1.4581
4.351520000000003
-0.5721899999999998
-0.5336299999999998
-0.04449999999999976
2.7497999999999996
2.6780800000000027
-0.16009999999999902
-0.7196900000000002
1.5346799999999976
1.8105000000000002
1.9415700000000014
1.13857
1.0430599999999992
2.0873799999999982
2.3397600000000005
0.48694000000000104
-0.08857000000000004
1.2569300000000014
1.9031100000000003
2.265680000000003
1.0499799999999984
3.3462099999999992
-8.985059999999997
0.981170000000001
1.63727
1.3681400000000017
0.18806999999999996
1.4378299999999986
1.738710000000002
1.862300000000003
1.801220000000003
1.3428900000000015
2.3732499999999996
2.1828399999999992
0.8695200000000016
3.1700399999999993
-5.9074
-2.402749999999999
1.3431799999999998
2.2172200000000006
1.8778100000000002
1.62433
3.2733800000000004
0.5800700000000003
-8.78493
0.7732200000000011
-0.7894900000000004
4.165690000000002
3.2679
-0.83146
-8.159468333333335
-9.143856333333332
2.2374100000000006
1.22581
-0.4620766666666659
2.446430000000001
0.7425800000000016
2.9900600000000006
2.0386399999999982
1.5879799999999982
1.8698800000000002
-3.86513
-0.23421999999999865
6.345880000000001
1.4358399999999998
-7.451593333333332
-0.09085999999999939
-9.027335
4.199450000000002
-2.0443749999999996
0.5570000000000008
0.35427000000000053
-2.782880000000001
-0.048120000000000496
0.7704400000000022
-4.21227
1.5437950000000025
-4.966809999999999
-4.1824699999999995
2.1009799999999994
1.530370000000001
-5.236483
1.6100750000000006
0.06294
1.0503600000000004
-1.4396500000000014
-10.406755000000002
-1.9204950000000005
0.2685400000000031
2.2859299999999982
4.506060000000004
1.7918200000000004
0.9552450000000001
3.0936100000000026
1.1901700000000015
1.266370000000002
1.2696399999999994
2.7741000000000002
-0.4187800000000005
3.5689000000000046
3.3356999999999974
-6.856601666666666
1.8568700000000016
-0.3108400000000001
-4.174470000000005
1.4961100000000003
1.8605899999999993
1.4436700000000022
-4.957490000000001
0.1938150000000003
2.017470000000001
0.5543600000000017
-0.38476999999999983
1.5080599999999986
2.9624500000000014
-1.4948699999999997
3.706890000000003
0.4471799999999999
2.5312599999999987
-12.734719999999996
1.8533699999999986
-0.15229000000000004
3.667290000000002
2.2879400000000003
0.4109399999999992
0.5321400000000012
3.4794800000000015
-2.908825
1.4602100000000018
1.666080000000001
0.7201300000000006
-2.129180000000002
0.6771400000000001
1.5606400000000038
1.1847200000000022
5.417219999999999
2.3445400000000003
0.9104500000000031
0.9351299999999994
-0.36842000000000075
0.009720000000000395
0.09948000000000068
2.5428300000000026
2.727870000000002
2.325870000000001
-5.63144
-9.52744
3.3948800000000006
-0.03451000000000004
-0.4007400000000002
2.0197900000000026
-18.719873333333336
2.919390000000002
1.9405200000000025
2.174250000000002
-3.8502099999999997
-1.5355299999999996
2.118129999999999
-1.5573900000000003
1.7555399999999994
0.08091000000000226
1.1758700000000015
2.623179999999999
0.24852999999999903
1.2563999999999984
0.9062900000000007
1.880790000000001
3.3728900000000017
1.9300300000000004
1.0749499999999994
2.2269500000000013
-2.0240800000000005
1.0156599999999982
3.4155699999999998
-0.5680999999999998
2.3332600000000006
1.528300000000002
0.6511400000000007
-4.32178
0.21549000000000063
0.66961
-0.7482899999999999
1.4439300000000008
-5.317415
2.371059999999999
3.400409999999999
1.8193900000000012
1.5546799999999985
2.0494600000000034
-0.41989500000000024
1.4857200000000006
-0.20913000000000048
-3.40254
0.91963
1.9228500000000013
1.9639300000000053
1.3041799999999997
0.43337999999999965
1.3832500000000003
3.514540000000002
-0.1934899999999995
-0.06580000000000041
0.4942800000000005
0.6226616666666673
-6.58191
0.040380000000002525
4.237530000000001
-1.7296900000000002
1.8293900000000014
2.8982200000000033
1.013810000000002
0.5698300000000001
0.55732
4.072839999999998
0.9490999999999994
2.9882399999999985
-1.0776160000000006
2.4846200000000005
2.3435300000000057
1.8988799999999988
1.0773300000000017
1.898560000000002
3.1134900000000005
1.5450700000000008
0.6673000000000007
3.646629999999999
2.8826800000000006
0.7457499999999997
-3.85405
1.0027300000000006
0.9551200000000002
0.5172499999999991
1.8751699999999984
1.44435
1.9289499999999982
2.6324050000000017
1.9450200000000004
-1.325950000000001
-0.5082099999999996
1.185220000000002
2.477150000000004
3.0666100000000043
0.44430000000000236
1.8918500000000007
-3.0319399999999983
2.6716800000000007
1.715340000000002
3.2003399999999997
1.448410000000003
-3.0987199999999993
2.3286700000000007
0.4600300000000008
1.3540699999999997
0.4370400000000003
0.5888400000000005
3.1387300000000007
0.43977999999999917
3.540279999999999
0.8290000000000015
1.1792200000000026
2.599150000000001
3.3213500000000016
-1.5840499999999995
-9.75294
2.17972
2.7607500000000016
3.9528300000000005
0.7950499999999985
3.784980000000008
-5.12011
0.7112800000000012
2.0275599999999963
-3.4394600000000004
-0.22866999999999882
2.5456300000000014
1.7558000000000002
2.0118500000000026
4.6414800000000005
1.799710000000001
0.5698800000000013
0.9915199999999993
1.7508199999999992
2.0846599999999973
-6.858915
0.7371300000000027
2.754300000000002
-0.6003050000000001
1.1374400000000038
1.433489999999999
2.243060000000001
1.3130000000000002
1.5881850000000015
1.4843700000000037
1.0859699999999997
0.8738400000000013
1.3377200000000014
-5.400520000000001
-2.709500000000001
0.6994199999999993
2.239259999999999
2.5485300000000035
1.0288700000000004
-4.050060000000001
1.0163900000000008
-5.349876666666662
2.199129999999998
1.38638
0.5541499999999999
0.0752900000000003
-2.55555
4.885989999999996
-6.405410000000002
1.20452
2.4135900000000037
2.8817000000000026
-7.979635000000002
0.63276
-3.958119999999999
-3.9999200000000004
-6.4127849999999995
0.540460000000001
-2.00235
-3.250256666666665
1.9391300000000014
1.640919999999999
1.1087200000000004
-1.2795750000000001
0.9229000000000003
2.296259999999999
-0.32363999999999926
0.55846
-4.83066
4.148830000000002
2.484750000000002
3.9891400000000026
2.475380000000001
2.1247199999999995
-4.71228
-0.0493099999999993
1.7066499999999993
-8.195120000000003
2.591570000000001
1.429460000000001
0.52041
1.420320000000003
1.88699
0.5362699999999998
-9.982926666666666
-4.93214
1.5748199999999994
1.6324600000000005
1.3286100000000003
-13.441170000000001
-0.6812400000000001
0.4800300000000004
3.4034499999999985
-3.16538
1.2256500000000017
4.048840000000004
3.7138433333333314
1.4558300000000006
0.1685800000000015
0.7632800000000002
1.5368000000000022
1.0435800000000008
-0.7847699999999986
1.6738800000000014
2.08484
2.173110000000001
1.7945599999999975
0.34073000000000064
4.3813600000000035
0.5033500000000006
-10.957995000000002
-7.692259999999998
-3.1765400000000024
3.1801999999999975
-5.050565000000001
0.677000000000002
1.8757500000000018
3.1864600000000003
1.0646
1.0504599999999997
2.5660100000000012
-7.684044999999998
3.7466500000000007
-0.31591000000000113
0.4229900000000011
0.6071900000000008
1.2170400000000026
0.09109999999999929
1.0742100000000003
0.6437500000000027
-0.07584999999999775
0.18084000000000056
0.996400000000002
0.5935200000000007
0.7881300000000002
-0.36433999999999966
-0.45288999999999957
1.5198700000000023
2.103020000000001
2.4013599999999995
-0.69069
1.8048300000000026
1.4548600000000018
2.5989699999999982
-3.4664599999999988
-7.9029099999999985
1.0034400000000012
3.725019999999999
0.4777499999999997
2.3025000000000015
0.7660300000000002
1.9642199999999987
0.48787499999999984
0.09185000000000088
0.47338000000000013
0.9501400000000007
-0.5552299999999992
0.6313900000000021
-0.5539899999999991
-1.2405983333333324
0.8615300000000008
-0.42108000000000056
1.03605
1.8133699999999986
1.4359800000000047
0.22462000000000093
2.916090000000003
2.0012599999999994
-0.11058999999999897
1.88891
1.0511600000000012
-2.7995500000000004
1.7606899999999999
0.10884999999999967
2.0689199999999994
0.22227000000000174
-0.008239999999999359
2.2033300000000007
0.030829999999999913
1.1323699999999994
1.385920000000004
-2.9982883333333334
0.04090000000000016
-4.1717200000000005
0.2697700000000003
0.7513600000000002
-0.33979999999999966
3.6364400000000003
0.4111699999999998
1.052770000000002
-0.2757499999999993
-1.6345100000000021
0.8187899999999995
2.9014100000000034
1.5813649999999986
0.43980999999999915
4.511779999999999
-1.1477299999999986
-9.65281
0.8228799999999998
-2.64454
-10.430520000000001
2.7380799999999996
1.6781799999999998
-8.40526
-12.832751666666661
2.504240000000001
-7.41451
-1.42486
0.0012299999999991762
2.839760000000002
0.06696000000000035
0.3538000000000008
-0.33781999999999957
-0.14721999999999913
2.743970000000002
1.0759300000000018
1.1032100000000007
1.1812200000000006
-2.79504
1.8115600000000018
-5.112900000000001
3.435649999999998
-4.63875
2.0227700000000004
2.419610000000001
0.9145099999999993
-0.4916000000000018
-0.17864999999999942
0.10327000000000086
-4.335750666666668
0.5366100000000018
-6.019339999999998
0.41699999999999937
1.587040000000001
-5.82514
-1.2865300000000004
0.6638800000000018
-3.583874999999999
2.8368100000000016
1.7302300000000015
-1.3213699999999997
0.47366000000000175
2.9944499999999996
0.28232999999999864
0.21035000000000048
1.2499200000000004
0.8527200000000004
1.6112050000000013
1.2766899999999999
0.7585399999999998
-3.750947333333332
2.444270000000004
-2.8833100000000003
1.4824700000000033
0.8962799999999984
0.10401000000000127
0.674540000000001
1.9860599999999993
-0.08173999999999915
2.646740000000002
-7.8934149999999965
2.3857000000000013
0.49870000000000214
0.4066099999999999
3.3022899999999993
3.293070000000003
1.885400000000002
3.7263800000000016
-2.422299999999999
-0.33612999999999993
-5.454980000000001
1.6517100000000018
-0.32852000000000015
-3.3301499999999993
3.5139900000000033
1.0342800000000012
2.982039999999996
1.1306700000000003
1.6485600000000011
1.8637149999999978
1.091609999999998
2.863710000000002
1.3050700000000024
1.3689399999999994
2.0692100000000013
0.34414000000000033
0.19170000000000065
0.6444850000000006
2.353569999999999
-1.3457999999999999
-4.136143333333334
-4.308084999999997
-3.547524999999999
1.0403700000000002
2.274529999999999
1.82376
3.5557499999999997
-0.6452300000000006
1.747720000000001
0.49224000000000023
2.5290200000000027
3.3871800000000016
1.0477900000000013
-0.6718600000000001
-0.9255200000000006
1.3663000000000003
-1.465009999999999
-2.0496099999999986
2.2633200000000038
1.6950400000000019
1.6788599999999998
1.206599999999999
1.6217900000000016
0.899630000000001
0.7030500000000006
-0.6937599999999989
0.913350000000001
0.1219199999999998
0.2333700000000023
0.4569300000000003
-1.339180000000002
1.8475699999999993
1.8876700000000008
-2.016160000000001
-0.03298000000000123
0.9705700000000006
0.2747500000000025
3.3449999999999998
0.13553000000000126
1.6786800000000026
0.5434599999999996
1.0642700000000036
2.4155600000000006
0.5627500000000005
0.19558999999999926
2.0518700000000005
1.6226699999999985
1.2008699999999983
-3.9778100000000003
0.9668700000000001
1.7053800000000003
1.6360300000000008
1.469270000000002
0.7558699999999976
0.23976999999999982
-5.2394799999999995
0.3031699999999995
0.46576000000000106
1.4600000000000009
2.7601350000000013
0.6374700000000009
-0.6111199999999997
2.1986500000000015
-8.195610000000002
0.2035200000000006
0.10943000000000103
0.7943900000000004
1.5782600000000029
0.96472
0.8322499999999999
3.685830000000002
0.022559999999999913
4.650189999999998
1.3725700000000014
1.3165300000000002
0.8086400000000009
1.5936100000000013
1.9343500000000042
0.8100533333333337
1.5710799999999998
0.8395399999999997
1.4576400000000023
0.874470000000001
-0.11268000000000045
2.3148350000000018
1.853149999999998
1.131239166666668
1.7565500000000012
0.90544
-2.7456933333333327
1.9945800000000014
3.05213
0.5529000000000002
1.9835800000000012
0.27307999999999866
1.0428900000000003
3.5069400000000064
2.513220000000002
2.9032100000000014
3.8369600000000004
0.9891500000000006
-0.6252500000000001
2.1070200000000017
1.9307799999999982
1.272780000000001
3.4639499999999988
0.48980000000000024
0.45906000000000224
0.2781600000000002
0.6181900000000002
-3.13152
0.5059000000000007
1.5669899999999983
1.1310699999999998
-0.7363000000000003
0.83558
-5.71451
0.03397000000000028
2.0824100000000003
0.7297299999999998
-0.07619000000000098
1.5417600000000027
0.53461
2.3081700000000005
-0.0904899999999993
1.0227700000000004
-7.96047
1.220880000000001
-0.003909999999999303
0.5923700000000014
0.7567100000000009
0.6193100000000002
1.1453999999999995
0.6077100000000004
4.249839999999999
-6.284510000000001
1.5577800000000002
-1.5088200000000005
1.5190499999999982
1.2015700000000002
-4.478749999999999
0.15037000000000011
0.9201600000000014
-1.5021099999999996
2.4908899999999985
1.8279200000000029
0.40308000000000055
0.8582599999999998
1.398859999999999
-0.19033
2.229150000000002
0.325010000000002
2.466470000000004
0.8968299999999985
0.9068800000000006
0.6296000000000017
1.3921099999999988
0.19644000000000017
2.0797233333333347
0.08136999999999972
1.2026800000000022
0.957520000000001
0.9564100000000009
1.2096450000000014
0.2772299999999994
-3.8116450000000013
1.9313799999999994
0.9413700000000005
2.134649999999995
-4.186870000000001
1.6620399999999984
3.301840000000002
0.74078
1.6314200000000043
1.2714200000000004
1.4679300000000017
-0.9623999999999996
0.3441899999999991
3.58972
3.5839999999999996
0.4180000000000008
1.1007499999999988
0.9954100000000001
-3.5795749999999997
-13.767589999999998
2.3026900000000006
0.5847799999999987
0.5712300000000006
-0.4652099999999997
2.4054500000000028
-2.8553999999999973
2.841
1.2093800000000021
0.7155300000000016
1.7002600000000014
-5.07528
-4.07944
-0.015469999999999873
1.8002600000000015
-1.2143533333333325
2.565730000000002
0.7594500000000024
-5.8103799999999985
1.497290000000001
3.12035
0.37327
0.8296399999999984
0.55558
1.78754
0.03382000000000218
4.485830000000004
1.0615300000000003
1.2910100000000013
1.0110999999999999
1.4137399999999984
2.8672100000000014
-4.96851
2.198240000000001
1.5299650000000038
0.4974199999999982
0.13635999999999915
2.131270000000001
1.6665600000000023
0.272150000000001
3.49728
1.0731300000000012
-0.25661000000000056
-1.9540300000000008
-2.2687399999999993
2.584919999999999
-5.352221666666666
-14.193740000000002
2.0787800000000027
0.8498200000000005
-0.33516000000000057
-5.803249999999996
-0.2748599999999992
-5.704819999999998
0.8155600000000012
-0.42509999999999915
1.1421300000000034
1.2408400000000008
-2.051021333333334
-0.9101500000000007
1.8003100000000036
1.8146400000000011
1.6754099999999998
1.746820000000004
-2.4254499999999997
-0.868789999999999
1.9036099999999991
1.928789999999999
-0.4476199999999999
-12.80739333333334
-5.022779999999998
1.1444299999999985
-8.173960000000001
-1.13728
1.0732900000000023
2.427149999999999
2.3660699999999992
-2.392529999999999
1.0814600000000025
0.8507350000000005
-0.3168000000000005
-0.5547500000000005
3.3362700000000016
3.6108000000000047
0.952864999999999
0.9387300000000012
-0.29348000000000096
1.8252000000000015
1.66562
1.8624600000000013
-8.791449999999998
0.3496299999999999
-0.3885099999999998
0.4766400000000006
0.03034999999999921
-4.871755
1.4002200000000022
-1.9301199999999998
4.285309999999999
0.18005000000000027
-4.01835
0.2378000000000018
-1.34536
-1.2530800000000013
-4.08024
-5.363148333333334
-0.9788500000000002
0.3715700000000022
-1.2634849999999997
-0.33537999999999923
0.3965600000000016
5.181949999999995
0.20870000000000144
0.9340600000000006
1.1792499999999984
-3.47763
1.7404899999999994
0.5219499999999999
-0.10237000000000007
-5.4083000000000006
-2.3547899999999995
2.449690000000002
2.636020000000002
1.3402500000000002
2.5185300000000024
2.16915
2.4219400000000024
0.9598899999999997
2.4713300000000022
-2.9499799999999956
-10.434430000000003
4.436070000000002
1.146880000000003
-2.3526
2.0014100000000026
0.010670000000000845
1.0984000000000003
1.568239999999999
-4.344689999999998
3.6128800000000023
3.811530000000001
0.6498033333333346
-0.9567
1.5558899999999998
1.1056100000000009
0.49470000000000103
1.1589200000000024
-4.68552
0.4496800000000005
1.3079699999999996
2.9956799999999992
0.6830600000000013
0.9135500000000003
2.8734000000000033
1.0980500000000037
1.363650000000002
0.5556100000000013
0.6983699999999995
1.7413700000000016
3.35738
2.176853333333332
-0.4090833333333349
3.5758400000000004
-0.441479999999999
-2.5017166666666673
1.2316299999999991
1.1164099999999997
-7.812211666666668
-1.008089999999999
-3.537415
-2.0946800000000003
1.6136599999999994
0.35933999999999955
-1.4443599999999992
4.26865
0.05206000000000088
-10.537295000000006
1.0724900000000006
1.09245
3.13563
-4.498510000000001
0.4310099999999988
-0.5732500000000009
-3.0628999999999995
1.2979800000000008
2.7298100000000014
1.5152899999999998
2.475210000000002
1.3575300000000015
-3.5360916666666666
2.0260600000000006
0.38971000000000044
0.93666
0.8189000000000006
-8.425915
2.1694899999999997
0.5941799999999988
1.5618500000000006
0.31765
1.6508100000000003
0.026020000000000376
-4.212675
-0.08118999999999998
1.1670300000000013
3.0580600000000002
1.0344800000000012
1.5812699999999955
0.9250699999999994
0.9043400000000015
0.3439300000000014
-0.49030000000000007
0.38484000000000185
2.0362700000000005
1.431580000000002
-1.3200099999999997
1.113730000000002
0.3579899999999998
0.9380700000000002
2.513419999999999
-3.43422
0.9256700000000002
1.5764700000000027
-0.19776999999999756
-5.31038
1.8893200000000037
1.5976000000000021
0.07238000000000033
2.248669999999998
-0.663729999999999
2.4246800000000017
1.7065200000000011
0.35533999999999977
1.2791599999999983
-6.444006666666667
3.7707599999999983
1.9450400000000023
1.34726
1.8978100000000024
1.9395900000000017
1.4584500000000014
4.209930000000001
1.211170000000001
0.7355799999999986
1.1092900000000014
1.7846400000000027
1.5533400000000026
0.6831600000000022
0.9295000000000004
1.200580000000003
0.4674899999999993
2.8957600000000006
0.625050000000001
0.5642300000000009
-6.6928149999999995
2.3799100000000024
0.4551799999999999
0.5586700000000011
0.7082799999999974
1.7668400000000015
-5.165156666666668
0.04515999999999942
1.5425899999999975
2.2730400000000017
1.6298
3.668110000000002
2.36559
-3.7388699999999995
1.2699800000000012
-0.022549999999998516
2.0316799999999997
1.3943700000000017
-0.6603149999999991
-12.300800000000004
1.8495499999999967
-3.797779999999999
-5.12063
-0.1259599999999994
0.3829399999999996
1.5145499999999994
-0.12196999999999969
2.6023900000000006
1.6804750000000004
0.28276000000000034
0.7801500000000001
-2.62883
1.2464300000000015
2.0070700000000006
0.16213000000000366
0.21322000000000263
0.4529200000000002
0.15446999999999944
1.73218
0.3466300000000009
2.052590000000001
0.22890999999999928
2.068710000000002
3.068450000000005
-5.3687499999999995
2.0526699999999987
-5.148811666666668
0.496559999999999
1.6230099999999976
-3.8582299999999994
0.8428033333333336
3.5835599999999994
-0.1994199999999996
-1.4228999999999994
-2.3810499999999992
-0.006580000000000363
0.34300999999999915
-4.168480000000001
-7.156358333333329
-3.024278333333333
1.3817400000000015
-5.283569999999999
0.9823700000000011
1.1766000000000045
1.742019999999997
1.7638900000000008
1.0119099999999999
2.9263399999999993
-1.1239350000000004
1.2704400000000016
1.4377099999999987
1.087660000000001
1.3105099999999994
1.7308599999999967
2.787919999999999
0.975140000000001
2.1033600000000003
0.7325600000000012
1.90475
0.48007999999999984
1.6469
-3.8930549999999995
0.8923699999999999
2.57638
1.884300000000001
1.3151200000000025
2.53006
-0.05548999999999993
0.6996700000000011
1.3408899999999995
-0.12034000000000011
1.7710600000000007
-10.797785000000001
-8.019950000000001
-0.3853899999999998
0.48264000000000107
-4.0309099999999995
0.9044800000000015
1.179770000000003
1.3533700000000013
-1.69761
-2.42554
-1.2687049999999997
2.162889999999999
-2.88887
2.520139999999999
1.263080000000003
-2.51049
0.8450400000000002
1.0045399999999987
-3.7772300000000003
-0.2678599999999983
1.5635200000000022
2.2074299999999982
1.7065600000000023
1.9802599999999981
3.2160300000000026
2.1375041666666674
1.418339999999997
0.4188000000000005
1.0127100000000024
-1.266399999999998
-6.948239999999998
3.667570000000003
0.8535800000000002
0.26239999999999997
0.46418000000000137
-0.6779566666666661
1.6229199999999993
1.7329700000000012
0.2233600000000009
-0.8029999999999999
0.8650200000000021
-4.195089999999999
0.5447800000000014
1.2733400000000001
0.9780700000000007
-6.8050999999999995
0.6953399999999998
0.9440000000000011
-0.20835999999999932
1.929990000000001
0.19778000000000118
-4.3560349999999985
-1.4583699999999986
-4.904424166666666
-7.5660549999999995
0.7236000000000002
2.5988600000000015
1.1900899999999996
0.4809800000000002
2.500620000000003
0.13230000000000075
1.2366699999999993
1.561230000000002
1.7360900000000008
1.0442500000000003
0.07218000000000013
1.5197000000000012
-6.87033
-1.6702699999999995
-0.3352599999999998
0.6440600000000005
5.143020000000005
0.21826999999999974
3.727920000000001
1.8083500000000021
1.7095000000000007
1.9524100000000018
0.9475400000000032
-5.9693233333333335
0.7022433333333333
-0.10317999999999972
0.24824000000000068
1.132330000000001
1.32369
1.3456700000000006
-0.17940000000000045
0.5750200000000001
1.4961400000000005
2.3944700000000005
0.8439699999999992
2.053550000000001
4.035059999999998
-4.242701666666666
2.0482599999999995
1.0942100000000008
0.38929000000000036
1.9644
0.8162100000000001
1.5783600000000009
0.2313283809523814
2.2795099999999984
1.3915499999999987
2.3408800000000007
2.0089400000000013
-12.00934
3.0832900000000025
0.9064666666666659
1.8616400000000008
1.8293299999999992
0.3320000000000005
2.8303000000000025
0.49251000000000045
-3.37949
-0.2827999999999995
0.27074000000000087
-2.4069416666666665
2.1985999999999986
1.9770099999999995
0.9835700000000007
3.0901900000000033
1.8103699999999985
3.9550800000000006
-10.195853333333336
2.102510000000001
0.7168600000000012
-8.47628
-7.253899999999999
-3.654338999999999
3.269309999999999
1.7239200000000015
0.44399999999999973
-2.695660000000001
1.0087800000000002
-4.388019999999999
0.8810800000000003
-6.778263333333332
1.2493700000000003
-0.15949999999999975
-0.5130300000000007
1.1065399999999994
1.849320000000004
0.472990000000002
-1.2479566666666662
-6.038220833333333
2.232480000000003
0.4313900000000017
0.6488000000000007
-0.40178999999999987
0.38686000000000065
1.8623299999999987
-3.7352399999999997
-2.7383200000000008
-0.23999999999999932
-6.988625
1.0292800000000009
0.6391600000000015
-3.655075
2.356250000000004
2.5516300000000007
2.548580000000003
2.12707
0.6008200000000006
0.3192500000000007
-3.2406499999999996
-2.6817400000000013
0.6902300000000019
1.3404599999999989
0.08433666666666695
0.01994000000000007
-6.961767999999999
1.8655799999999991
-0.04933000000000032
-4.053940000000001
3.277520000000001
0.6394700000000009
-5.649353000000004
0.4790100000000004
0.8036899999999998
2.8842099999999986
-5.359499999999999
1.2805499999999999
-5.925655000000001
-19.191589999999994
0.6809500000000008
-0.2084900000000003
-3.6996949999999997
0.9614600000000009
1.3806700000000003
-7.732141666666667
1.1562149999999995
-1.28048
3.470460000000001
1.0714300000000025
-8.2822
-0.4883200000000002
1.450520000000001
-3.2175500000000015
0.07810000000000072
0.10735000000000072
-13.815905000000008
-3.207140000000002
1.8001500000000026
-0.10068999999999995
1.5711600000000012
0.6829400000000014
-0.8304899999999995
2.0166500000000007
2.4654000000000025
-8.024270000000001
-2.194960000000001
1.1946599999999985
2.389353333333337
0.9194800000000001
1.6116299999999977
2.6190200000000017
-0.8429099999999995
1.541870000000002
1.4311800000000003
-6.251070000000005
-5.368549999999999
1.0016700000000025
3.762380000000001
-0.9282599999999994
0.8279399999999992
-0.4975300000000016
1.8716500000000025
-5.64229
1.9170299999999982
1.192579999999999
-0.06876999999999989
-3.62109
-3.5552483333333327
-4.101859999999999
0.08475999999999972
0.8984100000000006
0.20608000000000026
2.10891
0.4339500000000014
0.3536500000000007
0.03204000000000007
0.4524699999999984
0.38255999999999823
-2.6426720000000015
-5.170185
-10.332811666666668
1.6601300000000005
0.5570100000000007
1.3813100000000027
2.07316
-2.790093333333333
-4.7958050000000005
-3.734724999999999
-6.052020000000001
1.7336600000000009
2.0624900000000035
-0.054190000000000405
-5.06548
-4.51422
2.51566
0.26322
2.4240600000000008
2.2241800000000005
0.47780000000000045
0.9198099999999996
-0.30896000000000046
0.5081299999999997
2.021040000000002
-3.5289900000000007
0.3284700000000018
0.9796700000000012
-4.88472
3.928830000000004
0.42668999999999935
-3.596059999999999
0.397559999999999
1.9336300000000008
-3.822843333333333
-11.681553333333333
1.6248300000000042
-2.0793549999999996
-0.02406000000000097
0.3806300000000007
-0.4445399999999996
2.6181399999999995
1.4728500000000029
0.44126000000000065
1.5099600000000017
1.183140000000002
0.12988000000000066
-5.950180000000004
1.399450000000002
1.3756399999999984
-10.036110000000003
4.3091099999999996
3.0434200000000047
0.9230599999999989
2.316429999999999
0.7136199999999993
2.6220400000000033
0.43117000000000094
-0.7038200000000002
1.6554700000000024
1.027420000000002
-0.056729999999998504
-0.7883599999999994
-1.7138300000000006
1.5851900000000012
-20.60821
0.6937699999999996
0.2981899999999995
1.5487600000000015
-0.37159999999999904
1.1896000000000004
0.6072099999999989
1.6190500000000028
-10.338333333333333
2.21721
-0.4245199999999998
0.8429499999999988
-1.7966999999999982
0.54518
-0.9191500000000001
-1.6512999999999995
0.6250999999999993
1.4738300000000009
-0.699469999999999
3.9047400000000065
2.3266900000000006
2.3884400000000023
1.40233
1.424380000000001
-2.53776
-2.3172309999999996
1.2791700000000024
-3.3964199999999996
-1.3821499999999998
-6.110646666666667
2.2026299999999996
-4.719660000000001
1.5533700000000015
0.333460000000001
0.03990000000000027
4.586069999999995
-1.00913
0.37803000000000075
2.4529600000000027
1.3493499999999998
4.544260000000002
-7.356889999999998
-6.71536
-2.22701
-4.011616000000002
0.6227000000000011
-0.4473199999999994
-4.267076666666666
0.931380000000001
0.6047100000000014
-6.135839999999999
2.037340000000002
0.7781400000000003
3.03263
1.3124599999999975
0.45022000000000073
3.8749899999999986
1.541800000000003
2.7861200000000026
2.9187300000000023
1.2182699999999982
2.163590000000002
-7.23044
1.8479799999999997
1.140940000000001
-0.201330000000001
1.1614400000000016
-6.58967
1.6377500000000005
1.9400500000000007
-6.99113
-0.04956999999999978
0.26074999999999937
1.8046700000000007
0.7526000000000004
-0.0810199999999992
0.9057600000000015
1.79507
-5.987150000000001
0.4476099999999996
0.1135800000000009
1.630799999999999
-2.4081600000000014
0.14219000000000026
0.2719299999999989
2.1267599999999978
2.1698100000000022
2.358199999999999
-2.939870000000001
1.1145650000000002
0.5905800000000017
-0.03403999999999996
-2.127719999999999
-9.22392
0.2707249999999992
-0.15307999999999933
2.2659900000000013
1.5863000000000018
1.6954800000000008
2.5978900000000054
1.7521100000000018
2.6688499999999995
1.1351299999999998
-0.02776999999999963
1.542330000000001
1.28316
0.4541000000000004
1.3021400000000032
-4.380229999999999
-4.871179999999999
0.4900699999999991
2.3324500000000015
0.9141200000000009
-0.41216999999999904
-8.813350000000002
1.4982099999999998
2.7955000000000023
2.4819500000000008
2.13968
2.6617899999999994
1.25983
0.08827999999999947
2.0292900000000005
0.13026000000000026
3.5653400000000044
-2.180230000000001
-8.406400000000001
2.9922700000000004
0.5640000000000007
1.7962450000000034
0.31053000000000175
-1.8877525
1.5416200000000004
-4.25145
1.4803400000000009
-1.0290399999999984
1.178520000000003
-0.6975799999999995
1.1925600000000007
1.8969900000000028
0.8458900000000007
0.1530400000000005
1.03552
-6.745265
1.9756499999999995
2.09361
-3.714636666666667
-5.11417
1.7011200000000017
-3.34081
-1.3749850000000001
1.0567899999999972
1.6127699999999994
3.9820600000000033
1.8589700000000002
0.3069000000000015
2.3959300000000017
1.5197300000000014
1.442129999999998
3.7261900000000026
2.1053400000000013
-0.5864800000000003
0.03623000000000043
-0.5120799999999999
3.1640200000000016
1.1266200000000013
-1.1802700000000015
2.1934500000000026
-5.43488
-1.3894050000000007
-0.07133499999999982
2.369079999999998
1.2581300000000004
-5.8831999999999995
0.27234999999999987
-8.684846666666665
-0.22556999999999994
2.7637800000000023
-1.7973
2.325529999999999
3.544970000000001
0.5988699999999998
0.8687300000000018
3.362610000000001
1.6770650000000011
0.4618300000000015
2.3905600000000025
1.8272900000000019
3.423440000000002
0.28783000000000136
1.3359200000000024
-1.9047249999999987
2.3309100000000025
1.4729900000000002
-0.5375199999999996
0.5447700000000002
-0.5987999999999982
1.6184499999999993
2.9766499999999985
0.9621700000000013
-0.6568700000000001
1.0931400000000018
0.6562099999999995
0.6271399999999987
1.4083000000000014
1.8052599999999992
-0.21625999999999979
2.386299999999999
-9.413409999999999
-2.9245933333333327
1.1277700000000017
0.7711899999999992
2.2215900000000004
-1.3126249999999984
1.56927
-10.80438
0.9178500000000014
1.96203
-11.323770000000003
0.9081099999999995
2.00015
-6.86662
3.237129999999997
1.8089100000000022
1.916030000000002
1.684540000000001
-4.021615
1.2915900000000016
0.4294000000000009
2.7942300000000015
0.6593700000000011
-0.3744483333333338
1.2071400000000003
0.6098299999999997
1.8061099999999999
-2.7352700000000003
-2.0288049999999993
-4.833595
3.177850000000004
0.8888500000000008
-3.334103333333333
0.5878800000000002
2.0206500000000003
-0.6259150000000002
1.6398999999999995
1.9810600000000012
0.5232100000000004
4.194690000000004
1.959534999999999
1.6507400000000025
2.4918900000000015
3.3608600000000033
2.878429999999998
-3.603574999999999
1.0746299999999995
1.2724500000000019
1.7703800000000016
1.1279400000000024
-1.8179299999999996
-0.326549999999999
-0.24456999999999995
0.4894100000000001
-0.058280000000000554
0.6729299999999996
-0.44628999999999797
-1.075950000000001
0.31148000000000065
0.8585800000000023
1.7070599999999994
2.2560500000000014
2.5060399999999996
-1.0940100000000001
1.8395100000000006
-0.14176000000000077
-4.2056900000000015
1.517770000000001
-4.507383000000001
0.8119600000000005
1.4476799999999996
0.4765900000000016
0.6319199999999996
1.2731199999999987
1.542910000000004
1.0049900000000007
-0.2880699999999988
-2.6479800000000004
1.7758099999999994
-1.9948199999999998
2.6847800000000004
1.3865300000000031
1.6392300000000009
-3.6149900000000033
0.47114999999999885
2.374639999999997
2.4374100000000007
0.3480600000000005
-2.95366
3.1858200000000005
-1.93124
0.6299700000000008
-7.223759999999996
-1.3766900000000009
-0.04042000000000057
-0.4768999999999993
-5.050390000000001
1.981280000000003
1.2638900000000008
-1.00562
0.3004299999999993
0.8283600000000004
0.06895999999999991
-10.033954999999999
0.18490999999999924
1.5205500000000023
3.301610000000003
-0.4776699999999997
1.510759999999999
1.4425099999999995
-0.16271000000000013
2.767860000000002
0.8635100000000011
2.2401299999999984
0.3860299999999999
0.6171700000000004
2.1173500000000014
1.8400399999999997
0.2262299999999995
0.3965800000000006
1.8249299999999993
2.805530000000004
-1.487340000000001
-0.22642000000000062
-2.2604999999999995
-13.197889999999994
0.6634899999999997
0.23562000000000083
1.2271699999999996
-0.2885949999999996
-6.287109999999999
-2.6996899999999977
-4.070270000000002
1.0359299999999991
0.4003100000000006
-7.128169999999997
-0.7941533333333312
2.6739800000000034
0.56761
4.941870000000001
1.6529900000000008
3.8744799999999975
0.814000000000001
2.5573600000000014
1.9917500000000028
-6.10897
0.822760000000001
-5.15683
0.8832500000000016
0.23362999999999978
3.5057099999999997
2.6229999999999993
0.7583300000000006
0.19366999999999956
-8.890006666666665
1.2569199999999991
1.3231500000000023
-0.21108999999999967
0.6607300000000003
-0.6415650000000006
-0.0972900000000011
-4.967575
-0.5638286666666674
0.4849600000000007
-2.8876399999999998
0.6142900000000002
-4.492459999999999
-4.833469999999998
3.10414
1.3303600000000002
0.5621200000000022
1.0485899999999995
-2.7601699999999987
0.08024000000000098
-4.922220000000001
-11.182400000000003
1.3226400000000007
-0.5021899999999996
1.3451999999999993
-8.42107
0.6260300000000023
1.4406600000000025
2.1599000000000017
0.7202000000000006
-4.13297
1.873450000000001
1.9086300000000023
0.6082100000000006
-7.366368333333334
1.2402400000000005
5.236900000000004
1.1161899999999996
1.890820000000005
-0.04449000000000014
0.1893400000000005
2.6332399999999976
-5.131373
0.8002550000000015
2.077790000000001
0.3053600000000005
2.406950000000001
-2.5596699999999997
-4.62245
-1.1511300000000004
-2.4172599999999997
-4.98405
-7.577622499999999
0.8480500000000004
3.0550200000000025
-4.30775
-0.2916499999999993
1.0943599999999987
1.430560000000003
0.609886666666666
-2.6972999999999994
-9.519679999999997
1.09884
0.2090000000000014
4.039490000000008
0.7031399999999985
3.661190000000003
3.6385200000000015
1.2117000000000009
1.9543100000000044
0.650055
0.20103999999999833
-4.39914
0.3927500000000006
-1.3131899999999999
1.5901199999999998
-3.6069500000000003
0.37654000000000076
2.9113099999999994
-0.7388299999999994
1.3272300000000015
2.1559800000000005
-2.79643
1.5759600000000002
1.45872
0.8017100000000006
1.1033799999999996
-4.238213333333333
-0.6903150000000008
0.80173
0.660700000000001
0.5596900000000005
1.4137499999999998
-0.7507299999999983
2.229109999999998
0.8460099999999999
0.06059999999999954
-0.42067000000000054
1.7398200000000013
-0.33750000000000013
-4.749146666666666
-0.489529999999999
-10.942136666666665
-2.5846199999999993
1.5206400000000038
0.17403999999999997
-4.3947199999999995
-3.2811033333333333
-1.09556
0.4838999999999998
-5.641465
2.1703200000000002
-1.5391599999999976
0.34957000000000016
-0.08948999999999996
0.9916500000000026
-1.4829699999999995
0.8404900000000004
-0.1204000000000005
2.548770000000001
-1.5079099999999999
-15.592980833333328
-6.998280000000001
-7.524750000000004
0.7201400000000013
0.8504700000000005
2.5957500000000016
-0.41064999999999985
1.701350000000001
1.0659899999999962
-10.396804999999993
1.452860000000002
1.755850000000002
2.983020000000001
-4.83784
0.7522600000000008
1.98169
-0.02372999999999914
0.35270000000000046
0.4356700000000009
1.3883999999999972
-4.337169999999999
-2.660865
-4.9944299999999995
-0.06553999999999949
-0.3390700000000004
0.88273
0.9424699999999999
-0.020974999999998856
0.3432900000000001
1.9726700000000013
-4.4302183333333325
0.3336100000000011
2.5143400000000016
0.8269899999999994
0.19377999999999962
0.687100000000002
0.8106900000000006
0.25479999999999836
1.5149299999999983
-0.3950900000000003
-6.845919999999999
-0.2938999999999985
0.6420600000000021
-4.047169999999999
1.3397499999999996
-0.5113900000000002
2.020610000000001
-0.3986599999999991
2.078550000000003
-3.6250600000000004
0.20234999999999959
1.5830099999999985
1.6365800000000013
-5.870620000000001
2.5532000000000026
1.2773299999999979
-4.06937
4.884349999999998
-2.0939699999999988
0.17044000000000037
2.1614300000000024
0.2829999999999997
1.10663
1.6909299999999998
0.7122299999999988
-2.970454999999999
-0.010033333333332894
0.6049499999999999
-3.094325
0.7672800000000013
0.9015700000000011
1.1407900000000013
0.3160200000000011
-1.3270916666666668
4.128960000000004
1.66798
1.2913999999999999
-8.344534999999997
1.429949999999998
-0.06354999999999789
3.1082200000000038
-0.08140000000000003
1.2888000000000002
2.3749300000000027
-2.6095800000000007
-0.8706300000000001
-0.11516999999999966
0.9821499999999999
-1.0273899999999998
-0.7657650000000001
1.7895099999999986
-6.781280000000001
-3.30535
-4.950516666666665
-1.424565
-4.17229
-3.462925
-0.13407999999999975
2.046270000000001
0.2389100000000013
0.5518100000000021
-2.1707199999999998
0.6701200000000003
0.5257700000000012
1.362140000000002
0.6663499999999991
0.7725199999999988
-6.6432899999999995
-0.21445000000000025
-0.8864000000000006
1.6371600000000015
-5.783799999999999
0.11570000000000014
0.07610000000000028
0.07629000000000019
0.3387899999999995
2.168760000000003
-0.0766699999999999
0.5504500000000005
-1.5251400000000002
2.8945699999999985
0.4419700000000004
1.1163699999999994
2.1431400000000025
-0.13776999999999995
1.03431
0.7487199999999987
1.1133200000000003
1.2042299999999986
-0.7230800000000004
-4.596009999999998
0.33730999999999955
1.6938599999999986
1.7337800000000034
1.22893
0.54128
0.7531600000000014
-0.20733000000000035
1.8568799999999994
-1.8530099999999992
3.2052799999999984
-1.23917
-0.6081099999999997
-2.38948
0.6110600000000019
1.190839999999998
0.688190000000001
4.3456300000000025
0.21303000000000027
0.6197900000000014
1.4726199999999987
-1.5410699999999995
1.795840000000001
5.037260000000001
-1.1945900000000012
