0
15500
11200
14500
16700
15600
16500
14800
15800
16900
17200
15200
15500
8000
16700
16700
16500
16200
16900
15200
17400
16700
8300
15800
16900
15200
14800
17300
16500
16300
15700
6500
14300
7600
7200
16500
16300
18600
10700
13300
15000
18100
16600
17600
15100
14700
15200
14100
16300
16100
16800
15300
15500
15300
16300
15800
15700
15300
14300
16300
15400
16100
8900
16500
14500
14500
14600
15200
15300
16000
14700
16700
11200
9200
15100
15400
13800
14400
15500
15800
16400
16400
14900
14300
16300
15600
16300
15600
16200
16900
16000
16200
14600
16400
17900
14900
6200
14100
15800
15100
16100
15300
15600
15000
10800
16400
16200
15100
13900
11100
16200
16700
13900
15600
14800
15000
12700
7000
16300
15000
15400
16300
15300
2000
17100
15000
13100
15500
14600
8200
14300
15700
15500
16400
14700
16200
15400
14200
14500
17300
14600
10900
15500
8900
17100
15200
15700
15900
9400
14600
14800
16500
16800
17300
15500
15900
15400
15800
15100
16000
15500
17300
15900
16000
15000
16100
17000
10300
15200
15300
16300
15900
14000
17000
17100
14400
15700
15100
14400
16600
9400
16500
14700
13100
16100
15000
16100
16500
13300
14600
16200
14900
15600
16600
18300
17200
14600
14600
15900
15200
17100
18200
15900
14400
16400
16800
14300
14400
16300
17400
17300
15100
17000
16300
13900
16800
16300
14900
15300
16200
15000
13000
15300
14900
13900
14900
15000
16000
15100
15200
15100
14100
14300
15100
16300
16400
17100
16000
14800
16300
14600
9700
15200
13700
13800
15300
14100
16000
16500
14400
14500
16000
15200
16400
17300
14800
14900
15500
14900
17900
13400
14300
15300
15700
15400
16500
15400
15200
15600
14100
13700
16900
14500
13500
15900
16000
12700
1700
15000
15700
4900
15100
18200
2800
15900
15000
8800
16800
17000
14900
14600
15600
14900
12700
8600
8000
12300
15900
17700
16800
16700
14700
16500
16400
16900
16500
17000
14500
16900
14200
15400
15700
15200
15200
5700
15800
13900
16600
15300
15300
15400
17300
14400
14300
15000
16000
12700
16500
14800
17200
13900
16800
15500
10000
15100
17100
14600
14100
15900
15700
16300
14300
15900
17200
15600
15100
14600
16400
16500
14800
15300
13600
15600
13100
15400
16000
14900
15200
16400
15700
15900
16500
7000
13400
15400
14000
15100
15200
16900
14400
17600
15200
16900
8500
18000
16600
6300
14300
14800
14500
4800
15500
15800
16000
15000
14100
15400
2200
14900
15500
16400
14800
14600
7000
15400
14200
15200
15100
15200
16000
16400
15000
16100
15700
16600
15300
16500
15400
16900
16300
15900
14200
16400
15500
17300
15200
700
15400
14700
15500
15600
14000
15200
9900
14300
14000
15700
14200
14400
15300
16000
15200
16700
15800
16500
14800
14600
16300
10000
17000
15100
16300
17800
16400
13900
16700
15200
14200
16000
12600
15100
15800
11800
14600
14600
13500
16200
16700
15800
16400
10500
16800
16800
16200
10300
14300
14600
7000
16100
14700
15700
16800
15600
16300
17100
15700
14000
14200
14400
3500
14900
16700
19700
16200
14200
16600
15600
14900
17500
5300
14100
14900
8900
13800
13200
16700
4300
15400
16100
15500
13900
16100
13700
14900
16300
9200
13900
15800
17000
15900
2300
15100
14800
19900
14400
16300
15600
15700
15500
6700
14600
13800
16700
15600
15000
15400
2500
15000
900
14700
16400
11500
16000
13500
8600
15600
16400
15500
16000
15500
17100
13900
15700
14400
16000
16600
15100
15600
15800
10000
15100
15400
15100
4700
3900
14200
17400
15300
15700
14800
17900
400
15400
16100
8400
14300
9700
16800
15400
17500
14300
17600
17600
2200
15900
16000
17200
17300
15400
16300
16400
16500
17000
15900
14600
16100
15900
16300
15400
15500
16700
14500
14100
14700
14700
14000
10200
1200
16700
15300
14900
15300
17000
15600
7100
16900
15300
16400
16800
15000
15200
14400
15400
19000
14500
8900
15900
16100
14900
16900
15300
15900
15100
15900
9900
15800
14300
16200
15900
15800
5000
15900
17500
15400
15000
15900
17700
16400
17000
19900
14800
17400
16700
16700
9900
11000
15100
14900
11000
16400
16000
15600
14200
16600
14400
14300
15300
16200
16300
15900
16300
15300
16000
17000
17100
16300
6300
14300
15900
14700
14300
16400
12200
16700
15100
15700
17100
17200
15400
16900
14500
15200
15300
14300
16100
14500
16100
15800
16200
14200
17600
15300
16100
14500
12200
14200
14900
15200
17000
14600
16700
8200
15700
16300
17900
14800
16500
14300
16000
16000
13000
10600
16000
16700
15700
15200
13200
8000
14600
14100
16100
15600
16100
1300
14800
15500
15500
15500
15700
16900
15300
15500
15200
12300
16200
16500
15900
14400
17400
14400
16600
15000
16700
14500
15400
17100
15600
15200
15200
17100
16500
13000
15900
8100
15400
16100
13600
15200
13800
16800
15900
17400
6100
13200
11800
14600
12900
15500
8200
17700
15400
14600
16100
15000
14600
15800
15300
15300
14500
15300
15700
17300
14400
14200
16200
15000
14700
15900
14900
16800
10900
15000
15600
15900
14800
7600
16300
14600
14200
16200
4900
17000
17200
16300
17500
17000
14400
15000
14900
15000
15800
14900
13900
16600
16500
14000
15900
6100
17500
10200
15200
14800
16400
16500
16400
16200
14900
15000
15700
16800
13700
13600
5700
16300
15800
17700
15400
14900
15900
16000
16200
15100
17400
15400
14400
14800
17500
16800
15500
16800
14000
16000
14500
14600
18000
15700
15000
15600
14400
15400
16700
16000
16500
15900
16600
16300
16400
15600
15500
15000
15200
16400
16300
16300
15400
15700
15700
16800
15000
14900
14100
17000
16500
15900
15600
6500
3600
16800
14600
17100
13400
15700
14300
16100
14500
16800
15300
16200
15900
14500
16500
14400
15600
15300
14800
17200
14400
14500
9100
5500
15600
14600
18000
16300
15300
15200
14700
1100
12300
12400
16200
9500
17000
16400
14400
15700
3700
5600
15800
15500
8300
15100
15300
14400
15800
14600
15300
15400
13800
16500
14400
14800
14200
14700
15700
5000
15600
15900
8400
16300
15700
15700
15700
16800
14400
15100
14100
16300
13700
16400
15100
13900
17100
14800
15200
16600
15800
1700
15500
16100
14700
14100
3100
16700
18100
15300
12200
13600
16400
16400
13900
14400
15300
15300
15700
16200
15300
15400
16500
13900
13800
15200
15700
16500
15100
17100
11300
14800
16100
15400
14700
15400
15600
15700
15500
15300
16100
17000
15000
17700
12700
9500
17100
16100
16500
15300
16900
14300
4700
15600
14700
17900
17900
14600
14600
8200
15500
15700
13600
15900
15000
17000
17900
15700
15400
11500
6600
19700
14600
11100
13900
8300
17700
13800
15000
14700
13100
13800
14800
15900
15600
12400
7200
15500
15500
5700
16000
13900
15000
12200
6100
13300
14300
17100
18300
16300
15800
16400
15500
15300
14600
16800
15100
17300
17100
12500
15500
15500
15100
14800
16100
15200
8800
15000
16000
17100
13200
16100
17000
9500
17700
14700
16100
12300
15800
13900
18500
16600
14400
14500
17700
12600
16100
15100
14600
15000
14900
15000
15500
18700
15600
15300
14800
14200
14500
13900
16100
16800
16500
3100
11500
16200
16700
13700
15900
8800
16600
16000
16300
9500
16600
15700
14000
15600
15300
15100
16500
10700
16400
15500
16200
16500
16400
15200
16200
15300
15100
17200
14600
16400
15500
14400
900
13900
14800
14700
16600
11000
16000
16700
15600
15400
15900
15600
15500
14300
3400
15100
15400
15800
15500
14700
15500
16900
13700
14100
14600
17000
9400
14300
18100
13900
16100
16100
15500
14700
14700
17700
15700
17100
12800
17100
15500
16300
14900
16000
17100
15500
15200
17400
16500
15900
5500
15100
15000
15000
16000
15100
15800
16600
15500
13200
14600
15800
15700
16700
14100
15800
16200
15800
15700
16900
15500
10500
15800
14400
16800
16700
14400
16700
16200
16600
16700
15300
15900
17000
13600
3900
15700
16500
17200
14800
17400
13500
15000
16500
10700
14900
16300
16700
16300
17500
15400
15500
14700
16200
17100
13300
14500
16400
14100
14500
15200
16000
15700
15400
15300
14800
15000
15800
6400
13200
14900
16100
16500
15400
15200
16000
16000
15600
15300
15200
15600
15600
17800
6100
15100
15600
17000
6300
14600
14800
13300
13100
14700
14300
15200
15400
16800
15200
15000
14800
16800
15500
15100
13700
17100
16000
17100
17000
16100
1500
14200
15700
14400
16300
15600
14100
15200
16300
14700
11500
9700
16100
15600
15500
12800
15000
14600
17200
8600
15000
16600
17800
14900
14200
15000
15700
15100
13300
15900
15600
16300
15900
16100
18100
15400
10100
9100
14500
16000
12700
15500
15500
17200
14800
14700
16900
8900
17200
13600
14200
15100
15500
15700
15000
16700
13600
14200
14900
14200
16000
15500
14600
15200
16500
16700
14400
16500
15100
16600
11400
8900
15700
17200
14100
15300
15600
16900
16000
14900
15300
15100
13900
14700
15400
13500
14600
13500
15000
16400
15900
16400
16500
15700
13900
15600
15100
10700
16500
14400
15900
14200
13900
16000
13800
15400
15800
9900
15000
11400
15700
15000
15100
17400
14400
15400
16800
13800
14900
17600
16200
14800
18100
15400
5700
15000
4600
9700
16300
15200
5300
14000
16500
5900
14000
16100
15900
15200
16800
15800
15900
16900
15100
15500
15700
4700
15000
3000
16800
8700
15900
16000
14800
14700
13800
13800
9100
14900
9200
14600
16500
3500
14400
15500
8200
16300
15900
14700
15300
16900
14200
14600
16000
15100
17400
16100
15100
9600
15700
15300
15200
16200
14400
14800
16500
13900
16700
16000
16100
14400
14400
16500
17900
15900
17400
12100
14000
6800
15500
13900
10500
17300
15200
17000
15500
15300
16300
15400
16000
16100
15600
15800
14300
15500
15300
17600
15000
2700
10500
16000
15400
16500
15600
17200
15000
15800
14000
16400
17100
15600
13000
14400
15100
15600
14200
16400
15200
15500
15300
15600
15100
14700
15900
14800
14600
15500
14700
10700
15900
16300
16400
13700
15600
14600
17700
14600
15600
14800
15500
16300
14600
14800
16500
17300
14900
2700
14700
16000
17600
15500
15500
14000
11600
13900
15400
15900
17500
15300
15700
16600
14900
15300
13800
14300
16100
17300
14700
17500
14500
18500
15100
15400
15000
15900
16000
15900
16500
15400
15700
15400
14000
16600
16300
16100
15200
14900
14200
17000
17400
16500
15000
15400
14600
17800
17000
17300
17100
14700
13400
17300
16600
15400
17200
14500
15000
14200
14400
-200
14300
16500
16100
14900
14900
10000
14300
15600
14800
13900
15100
14200
16200
14900
15300
10400
15100
14400
14400
15300
16600
17600
15100
16900
6800
15200
5500
15800
14800
14200
15500
14800
16000
17600
15700
14000
15100
14800
14200
15900
14400
16300
16300
15000
14500
14900
13900
16900
15500
15800
15300
14600
16000
14600
13900
16900
14900
16300
15600
17000
16800
14600
14900
14700
15100
14700
14700
17100
18100
16400
14800
15100
7000
12500
16800
14800
15000
13600
15600
14200
16800
14600
15900
16100
16000
5800
13700
17200
17000
16900
14600
10100
15800
16600
15300
15100
14400
15400
13300
17800
14600
15700
15500
15400
16900
13300
15700
15500
15400
14300
15900
15400
14700
17100
14900
14400
14000
14000
16600
7400
11900
15300
14900
13700
14800
13800
15100
14500
14100
15000
15100
16100
14500
15400
15900
14800
15400
9300
15000
15600
17100
13100
15100
9300
14600
4800
15700
14700
16600
16700
9700
15900
15800
13900
15000
16900
19200
17100
14700
13400
15900
15600
16600
13700
14500
15500
14800
14100
9700
15000
7700
17700
15000
2700
14400
13200
17100
11200
11900
13500
14500
15300
13500
14300
18200
14500
15000
15200
7300
15900
15800
15200
2100
13700
15800
16800
15200
17000
16900
17000
14500
16200
16300
6400
17400
15800
13200
16300
14700
15100
15100
14000
17300
17500
16000
14000
15300
15400
15200
14700
5700
14400
15700
17100
15000
15900
16500
14900
15200
14700
14300
15600
17600
17300
17500
17400
14000
9100
15100
15800
14600
15100
15200
14900
16400
14100
14300
17100
16400
15300
15400
15400
16900
16200
15200
13900
14300
14900
17900
15600
15800
15200
8400
15800
14600
14400
14800
11600
16400
17200
15500
13900
15200
13900
4200
13900
15500
16700
15800
16900
14600
14300
14300
13500
15200
16600
15200
15600
14800
15900
16200
16600
9800
14700
15600
14300
9000
16300
14900
14200
16700
14200
16500
15800
14400
15200
7200
17700
16200
15400
15900
15600
15100
17800
15100
14200
14800
15500
14800
14700
15400
14800
14900
17400
14400
14800
9700
16600
18300
15300
14500
15900
9200
13700
15800
16400
15500
16900
15800
9000
15200
14100
16500
16600
12900
11300
15700
15800
5000
14200
15900
14600
14200
16500
15200
13700
14000
2400
15300
15800
13800
14800
14800
15200
15100
14700
16000
14200
16200
16800
12900
16300
12700
15300
15600
7700
16500
17700
14000
14100
15200
15400
14600
2200
14500
15600
15400
15700
14800
14900
15700
15600
15300
16800
14200
14500
16100
14700
17100
14900
16900
14300
15500
17200
15800
14700
15800
5900
15100
16900
16700
15300
16500
15400
14800
15200
14300
16200
5900
3000
14600
14500
8900
14600
16100
16100
14600
14100
15100
16000
2500
16200
14700
3300
14900
15600
11700
13400
15700
16200
15600
15300
16500
15700
15800
14500
15700
8300
1500
17600
14700
13700
14200
14600
16200
16300
14800
14100
15300
17100
14600
15600
15500
6200
14600
15600
14100
15900
14600
5700
15400
14500
9100
14900
16700
15500
15100
16400
14200
15100
17400
15400
15400
14500
15900
13300
15700
15000
14700
18400
14600
16900
15500
15300
16300
15100
7600
15100
16300
14700
15700
15600
15000
14600
15000
15500
17300
15200
15400
17400
6700
16400
15100
15500
16100
17200
15200
14600
16200
14800
16500
15800
6700
16700
14400
16100
16100
15000
17000
15200
14600
13500
14900
14700
15700
15600
15200
16500
15700
17000
13300
16800
15100
8200
9800
15800
17100
15500
15800
12600
15400
11200
16000
12500
15500
13700
14600
15300
16500
15700
10800
11800
16100
14200
14600
13800
14500
15700
10200
10500
13700
700
15200
15200
5200
16600
16300
16600
16000
14600
15200
7900
8800
15800
15600
15200
15600
7200
16000
15300
5100
16900
14900
15900
15300
14900
17300
8500
15000
12600
7600
14700
14400
5800
15400
15400
8800
17000
15300
17200
14400
13400
13700
16500
8400
14100
14300
13100
14800
15500
14900
16000
15300
13700
16000
15900
5700
12900
15100
16400
14600
15600
16200
14300
15400
15300
16000
14500
15400
16900
15100
14700
14900
16000
2800
15600
16000
13700
12900
14700
7200
15600
14700
14700
15500
14000
14200
14700
15400
15600
16100
1600
11400
16200
14700
15200
15700
13400
700
15200
100
15300
15900
15100
14300
11900
15900
15700
16500
16400
14200
15100
14900
15100
16600
13400
13900
14800
6400
17400
15100
13300
15100
16000
14000
7300
15500
13900
14700
14300
13600
16200
15300
14500
15300
15300
14100
16300
15000
13900
6900
18000
16900
15700
16400
15300
16700
14900
15700
16100
14500
14000
14000
9600
15100
9600
15500
14300
16000
15000
15200
16200
16700
6700
16400
15000
15500
12600
14300
14200
14000
15300
16000
14400
17800
16100
16700
15800
15900
9200
13300
15000
8400
12200
5200
15900
8900
15400
16200
14000
17900
13900
14100
16300
15100
17800
12800
4800
6800
15200
14600
13500
2000
15000
15800
7900
16000
15000
16700
15100
14200
17000
15600
16700
16600
14500
15600
12700
17300
15500
13900
15600
4000
15800
15500
7900
14000
14000
15900
15100
14000
15100
15200
9600
14600
14700
15600
16200
14800
15900
15600
16000
16400
10400
15600
14800
14700
11200
7900
15800
14700
16000
15800
15900
16500
15400
16300
15300
13900
16200
15900
15000
14900
12900
12300
15100
15900
14900
13500
7100
16700
16300
15800
16400
16500
14900
14600
16400
15000
17900
5500
6800
16900
17100
16500
14000
12100
15900
4600
15800
10300
14800
13800
15400
15100
15100
14900
15600
4700
16500
16100
13700
7300
16000
6700
14500
14500
15400
17600
15400
15300
16500
15500
16100
17100
17100
16200
14100
13800
16300
15700
17400
16200
3300
14500
15400
16600
15700
8700
14800
3400
14300
16300
14800
16000
17200
14900
14600
16600
16700
14700
16100
15900
18100
14300
15300
13500
15900
15800
16200
16600
18100
16300
16600
15100
14000
15000
15100
15200
15000
17200
14000
17000
10700
9500
15400
14200
16200
15200
15800
4200
15000
15600
3800
14600
16200
8300
17400
16600
16200
15900
5000
15400
14700
16500
15000
17100
15300
15400
16000
14700
17700
5300
16800
14900
700
14700
16200
12800
16000
15800
14600
17500
16000
16000
15600
17300
16700
15000
15600
15300
16100
15800
15000
14500
13700
14500
14300
16100
15900
15500
13600
14700
15800
15800
16200
13500
15800
14500
14100
15400
6900
15200
15100
15100
15600
15600
15800
14900
14200
10900
15700
15000
16100
15000
16000
15400
14200
17400
16900
14100
3800
16500
16600
15000
15800
14300
14700
17100
1900
15800
14800
13200
14200
15200
14500
6000
14400
15500
18300
15700
15800
16300
14200
16900
15000
16000
14600
14900
15600
16600
15000
14300
15900
16100
6100
14300
8100
8200
14900
15000
15400
16600
3800
14900
6800
15700
15000
13100
16300
16600
14800
18500
15900
17500
15000
16300
16200
11300
14500
6600
15400
14400
17100
16000
15500
13900
4200
16700
15800
15400
15200
15200
15300
5700
15500
15900
12300
14700
10600
12800
16800
15100
14000
15000
15800
14400
3500
10000
15700
14300
16900
9100
15100
15500
16100
15700
3100
16000
16200
15600
9600
16000
18200
14800
16100
14700
14600
16600
6600
15600
16000
14100
16400
13600
7500
15100
5100
8200
3500
14900
16900
13400
14200
15500
14600
14900
11900
10100
16700
14000
17900
15600
17400
17000
15600
16200
15500
14800
2000
14800
13300
15800
9000
14600
16700
17200
15500
16000
9500
15200
15900
15300
16000
7000
16300
15000
14400
16000
16500
15200
15700
15600
14900
17100
16000
13500
1800
13200
14200
15800
14900
14100
13600
10900
13900
14700
11000
16100
13200
15000
17100
14900
14100
15300
15900
16400
10500
11200
10200
13600
14900
14800
16300
13500
15500
15600
16500
15400
15700
16800
10400
15100
15700
14400
14400
14800
15100
8500
4400
13200
13900
13800
14500
15500
15500
15200
16500
10100
14800
16600
15100
14200
14700
15100
14600
15400
14100
12500
13600
15100
7000
15100
13700
15600
15000
15300
13900
16000
16400
17000
4100
16000
15500
9100
17600
14200
14700
16000
14700
15000
15700
14800
12400
17200
14700
10100
14800
15000
16600
13900
15000
17900
15200
15700
11900
16200
13700
16800
13600
14800
16500
14200
13100
14600
14900
12700
14400
15500
3800
13000
14000
14100
3200
13600
15200
16400
13700
13900
15300
14700
14400
15400
14700
15000
13400
14200
14000
15000
6300
15000
14500
13800
14500
16000
14000
14800
14100
16500
15600
14600
15300
14200
14600
14700
15300
15200
13600
14300
14400
16000
16300
15200
16000
14400
14400
15700
14400
17300
13800
14200
4400
14500
15200
15500
18000
14300
14300
15300
15400
15700
19000
14400
