0
-27.725499999999997
-12.879
-27.775999999999996
-31.85650000000002
-25.529000000000007
-22.337999999999994
-34.480499999999985
-20.138999999999992
-38.00000000000002
-26.31699999999999
-20.614500000000007
-19.270999999999997
-22.055999999999994
-32.7615
-28.64400000000001
-25.901999999999987
-27.129500000000004
-19.245000000000005
-30.905000000000005
-20.029000000000007
-30.997000000000014
-28.110000000000007
-19.979999999999993
-20.24999999999999
-21.066
-31.302000000000007
-21.467000000000006
-33.51199999999998
-28.135
-29.600500000000014
-19.159
-30.27149999999999
-32.34250000000002
-32.80200000000002
-36.45300000000002
-27.33950000000003
-30.02600000000001
-23.60799999999999
-33.67850000000002
-28.858499999999985
-34.32900000000001
-19.780000000000005
-16.287000000000006
-23.161500000000007
-30.784999999999982
-30.67350000000001
-14.045
-19.861999999999995
-18.043999999999997
-20.43450000000002
-23.8165
-39.915000000000006
-37.48800000000002
-32.55799999999999
-42.15800000000005
-32.692500000000024
-26.97950000000001
-35.7315
-14.712000000000002
-42.5465
-29.966500000000007
-18.988000000000003
-24.161000000000005
-11.9485
-27.767000000000007
-30.916500000000006
-41.223999999999975
-31.83050000000002
-35.24999999999999
-24.624000000000006
-17.25950000000001
-40.111
-27.41950000000001
-13.114500000000007
-26.390499999999992
-34.818999999999974
-17.978500000000007
-18.12600000000001
-15.602500000000004
-35.18550000000001
-18.375000000000004
-29.289500000000004
-29.34300000000001
-19.62849999999999
-25.86000000000002
-25.302500000000002
-30.68099999999999
-34.9855
-22.163499999999992
-32.147499999999994
-20.8365
-33.48050000000002
-39.784
-22.47400000000001
-40.41000000000002
-18.783999999999995
-32.0595
-26.97749999999999
-25.632500000000007
-23.598499999999998
-23.931000000000004
-19.581
-22.556500000000003
-37.16750000000002
-20.91
-18.494500000000002
-26.161000000000012
-35.40849999999998
-20.547500000000007
-22.964
-17.88500000000001
-30.843499999999995
-17.944500000000005
-34.75400000000001
-37.22600000000003
-23.4075
-32.729000000000006
-17.0515
-33.946999999999996
-39.657500000000006
-18.9315
-19.751500000000007
-27.219999999999995
-20.391000000000012
-29.451499999999985
-37.216999999999956
-31.855500000000006
-21.705500000000004
-20.842999999999996
-39.522499999999994
-26.39599999999999
-16.519
-34.23950000000001
-16.481500000000004
-15.011000000000006
-18.329500000000007
-37.92599999999999
-35.33800000000001
-32.70350000000002
-18.9835
-27.444499999999984
-20.912499999999994
-37.88549999999999
-34.401500000000006
-25.7555
-20.8965
-38.83200000000003
-40.882
-26.709999999999997
-33.60400000000001
-30.782999999999983
-35.05349999999999
-14.811500000000004
-21.757499999999983
-26.541999999999987
-26.367000000000004
-36.67000000000001
-18.753999999999994
-22.308500000000016
-21.495499999999996
-24.507
-19.616500000000002
-25.982500000000012
-25.822500000000005
-23.62900000000001
-37.459999999999994
-23.305499999999988
-34.11649999999999
-25.142999999999997
-30.455
-26.123000000000005
-19.603000000000005
-23.396500000000007
-26.392500000000002
-26.970000000000013
-26.060499999999998
-26.796500000000012
-42.517999999999994
-24.527499999999996
-32.80399999999998
-30.159
-22.342000000000006
-38.2
-31.223500000000012
-20.481499999999997
-26.997500000000006
-34.41349999999998
-18.881500000000003
-27.216000000000005
-33.288
-32.57299999999999
-29.034999999999997
-35.0395
-21.134999999999994
-39.93100000000005
-34.849500000000006
-18.518999999999995
-28.51749999999999
-29.142500000000002
-28.076
-28.660000000000007
-22.86550000000001
-23.478500000000004
-18.365
-33.64000000000002
-20.9295
-32.5415
-16.719500000000004
-26.754999999999985
-28.615000000000023
-22.723000000000006
-36.35349999999999
-28.918500000000005
-18.092000000000002
-30.878000000000004
-30.129000000000023
-44.464
-24.088
-28.80750000000001
-20.401000000000014
-27.958500000000004
-23.70400000000002
-24.0215
-29.176500000000008
-37.81200000000001
-16.9285
-18.7015
-14.818500000000006
-15.7305
-26.754499999999993
-26.087999999999997
-26.60149999999999
-29.173000000000002
-21.326999999999998
-34.89950000000001
-21.421500000000012
-29.230500000000028
-22.314500000000013
-22.746999999999996
-22.447000000000003
-15.897000000000004
-28.646500000000003
-30.784000000000002
-44.98749999999997
-33.80049999999999
-28.763
-16.68
-41.29350000000002
-20.420500000000004
-35.3975
-25.536500000000004
-27.386
-24.273500000000006
-22.451500000000003
-17.285500000000003
-34.30150000000001
-34.167
-35.8905
-22.326500000000003
-18.993500000000015
-30.071000000000005
-24.176999999999992
-30.640999999999984
-28.207999999999988
-22.694500000000005
-30.40449999999999
-31.907999999999998
-27.84349999999998
-26.642500000000005
-25.53450000000001
-25.640500000000003
-28.523499999999988
-38.55949999999999
-23.4425
-36.04900000000001
-21.061500000000006
-30.755499999999998
-20.829000000000004
-35.588
-15.837499999999995
-37.027499999999975
-25.246500000000015
-32.807
-29.363999999999958
-31.625999999999976
-27.291000000000004
-29.608500000000003
-41.98949999999998
-34.70050000000001
-38.434500000000014
-36.2915
-18.98599999999998
-24.51700000000001
-37.85549999999998
-30.15849999999998
-16.940500000000007
-35.76150000000001
-33.79899999999998
-38.01550000000004
-19.65350000000001
-33.681
-25.12299999999999
-23.961499999999987
-21.943
-33.3915
-24.23199999999999
-37.8335
-25.491
-20.096499999999995
-26.342499999999987
-29.9035
-28.68400000000002
-30.62950000000001
-28.025500000000022
-38.84950000000003
-23.71999999999997
-25.71700000000001
-35.61900000000001
-36.91300000000003
-19.55
-27.556999999999974
-37.62200000000002
-34.964499999999994
-31.939999999999987
-33.20099999999999
-21.1025
-19.444499999999998
-26.919000000000004
-26.367500000000003
-25.915999999999993
-24.728500000000004
-17.528000000000002
-30.526999999999994
-22.218500000000002
-25.301500000000004
-26.2345
-36.13300000000001
-30.310500000000005
-22.606499999999993
-36.70200000000004
-27.0325
-33.89749999999999
-35.710499999999996
-25.455000000000005
-24.274
-24.167999999999996
-37.37800000000003
-12.628
-26.64650000000001
-22.57000000000002
-23.632000000000012
-26.60299999999999
-29.985500000000005
-30.83450000000001
-29.10050000000002
-18.293
-32.02149999999999
-33.51849999999998
-33.7155
-31.792999999999992
-40.261000000000024
-41.8
-29.192000000000004
-26.809500000000003
-29.86699999999998
-30.76000000000001
-16.295500000000004
-38.34000000000004
-30.265500000000007
-35.58100000000001
-26.912999999999997
-40.31049999999998
-29.20249999999999
-37.278499999999994
-40.114500000000014
-27.082000000000004
-34.6835
-21.638500000000004
-30.45200000000002
-34.66849999999998
-25.6495
-29.91249999999999
-18.336000000000006
-36.13849999999999
-13.648499999999999
-15.635999999999997
-33.129499999999986
-29.04249999999999
-41.776000000000046
-22.435499999999998
-20.488500000000002
-37.02550000000001
-25.125000000000014
-28.5265
-34.14349999999998
-21.599999999999987
-32.35350000000001
-32.13700000000001
-28.53999999999999
-20.571999999999996
-30.562999999999995
-28.963000000000008
-20.266999999999996
-26.491500000000006
-27.854500000000012
-22.52549999999999
-39.63000000000001
-36.48549999999997
-33.016999999999996
-29.823999999999995
-23.943499999999982
-33.07349999999998
-34.27549999999999
-27.846999999999998
-14.374000000000004
-32.70100000000001
-23.728999999999992
-42.288500000000035
-26.462499999999995
-25.735999999999986
-44.36249999999999
-19.91200000000001
-23.6555
-35.58749999999999
-18.874499999999994
-26.663500000000003
-34.5205
-33.353000000000016
-16.085499999999996
-31.00250000000001
-23.353999999999996
-27.444499999999998
-31.98650000000001
-44.979
-19.629500000000004
-18.067000000000004
-23.55649999999999
-28.134
-26.984999999999992
-29.138999999999992
-35.475500000000004
-26.10749999999999
-23.686000000000003
-20.809499999999996
-32.1155
-22.475999999999974
-20.4345
-27.591499999999986
-31.571499999999983
-27.25699999999999
-22.761000000000003
-29.228000000000005
-20.160500000000006
-19.588499999999996
-21.41149999999998
-42.88849999999999
-24.14049999999999
-15.893500000000003
-40.4035
-18.329499999999996
-32.51599999999999
-23.073999999999995
-24.209500000000002
-26.17350000000001
-30.382500000000014
-14.405000000000014
-28.24049999999999
-28.596500000000002
-30.171500000000023
-29.536000000000023
-15.584000000000001
-36.14800000000001
-25.403999999999993
-36.11049999999998
-20.566499999999994
-36.52400000000002
-29.310000000000024
-26.31050000000002
-23.676500000000004
-32.543
-43.15249999999997
-30.757500000000007
-30.362500000000008
-26.205999999999992
-24.6815
-23.921999999999997
-26.961000000000002
-25.948499999999996
-25.44549999999999
-26.46349999999999
-25.188500000000005
-25.438
-16.833
-26.02950000000001
-28.953500000000005
-30.902
-21.947000000000013
-25.384500000000006
-18.339000000000002
-24.11
-31.363000000000003
-26.056
-37.63500000000002
-26.224499999999985
-29.50950000000001
-38.93000000000003
-33.62050000000003
-29.13350000000001
-24.67350000000001
-34.458999999999996
-27.754499999999982
-32.00100000000002
-22.365500000000008
-24.9075
-30.76700000000002
-26.451
-31.019499999999987
-35.993500000000026
-36.467000000000006
-35.043
-25.49750000000002
-25.316000000000003
-25.75400000000001
-24.533999999999985
-28.70749999999999
-31.44350000000001
-22.92150000000001
-19.6105
-30.548000000000005
-36.90000000000002
-23.650499999999997
-28.37000000000001
-20.941500000000005
-37.54049999999999
-16.933
-18.768999999999995
-29.21550000000003
-32.43099999999999
-41.271499999999996
-28.899000000000026
-24.8485
-34.244000000000014
-28.499000000000006
-22.976500000000005
-32.06400000000001
-26.897499999999994
-20.980500000000003
-19.03100000000001
-28.15850000000001
-29.239500000000003
-34.984999999999985
-38.67350000000002
-15.787500000000005
-25.235
-28.33249999999999
-19.812
-18.031500000000005
-33.40750000000001
-26.976999999999993
-32.368000000000016
-27.146000000000004
-24.03800000000001
-15.352999999999993
-25.835500000000003
-29.167
-33.756499999999996
-31.19749999999999
-26.249500000000005
-21.565000000000005
-32.94900000000001
-26.866500000000002
-22.273000000000007
-19.0055
-26.60600000000003
-17.504500000000004
-28.082000000000026
-32.7415
-17.95950000000002
-36.49600000000001
-31.0815
-32.66550000000002
-19.858
-23.913000000000014
-26.188500000000005
-35.702999999999975
-34.5875
-40.98700000000001
-27.83099999999998
-28.645499999999984
-34.44099999999999
-39.96499999999999
-24.714
-36.235000000000035
-31.50450000000002
-22.758
-21.371000000000002
-35.48550000000002
-23.47299999999999
-22.60800000000001
-22.820000000000007
-16.557000000000002
-15.9695
-21.2595
-34.606500000000004
-19.259
-24.906000000000013
-30.655999999999967
-38.416999999999994
-34.66899999999999
-25.19249999999999
-17.214500000000005
-17.756
-22.899000000000004
-31.042500000000018
-32.59350000000001
-32.50700000000002
-25.124000000000002
-23.23749999999999
-42.02200000000002
-21.920000000000012
-31.039000000000005
-15.286000000000008
-28.229
-24.341499999999986
-30.30300000000002
-35.283
-39.31050000000003
-18.575
-31.31199999999998
-33.77199999999999
-46.228500000000025
-25.2285
-22.631999999999998
-35.53350000000001
-31.0875
-38.750999999999955
-22.297500000000003
-22.274500000000003
-33.858
-22.272
-21.401500000000002
-29.26700000000003
-42.54850000000002
-30.13050000000001
-36.88700000000002
-33.855500000000006
-14.349499999999995
-27.819499999999987
-27.693499999999986
-24.436000000000007
-36.8625
-17.034499999999994
-17.559000000000008
-40.7415
-17.83
-23.560999999999993
-29.1035
-28.226999999999983
-42.91099999999999
-40.606999999999964
-34.801500000000004
-29.654499999999985
-28.705499999999983
-18.431000000000022
-32.53450000000001
-30.6375
-22.54799999999999
-30.28549999999999
-20.154999999999998
-30.827999999999992
-18.335
-22.022500000000004
-31.448500000000006
-39.413
-33.69650000000001
-15.836000000000002
-38.5655
-27.589
-30.795999999999996
-28.40299999999999
-24.02750000000001
-29.9045
-23.777500000000014
-39.36850000000001
-29.548999999999992
-35.46349999999999
-32.27000000000001
-33.22400000000003
-26.112000000000005
-21.859999999999996
-21.833
-39.41249999999995
-26.889499999999995
-25.49899999999999
-16.442500000000003
-23.572500000000005
-26.667500000000004
-14.659499999999998
-20.92750000000001
-31.396000000000008
-20.173499999999997
-30.62250000000001
-24.267000000000007
-42.10450000000001
-16.011000000000006
-45.51150000000002
-33.57999999999999
-28.3895
-29.889499999999995
-30.882500000000004
-26.663999999999994
-24.956
-22.955000000000005
-33.760500000000015
-29.082499999999992
-32.79350000000001
-25.85200000000001
-27.717
-32.646
-26.547500000000007
-23.508499999999987
-29.110499999999984
-30.184500000000014
-27.906000000000024
-34.32550000000001
-26.983
-30.361000000000004
-32.40700000000001
-31.68000000000001
-24.798500000000004
-31.51700000000001
-27.290499999999984
-36.607000000000006
-27.85299999999999
-34.08800000000002
-36.00050000000002
-18.506999999999998
-14.794000000000006
-27.635000000000016
-25.121000000000006
-18.3785
-18.76600000000001
-29.001500000000007
-30.406999999999986
-13.941999999999997
-19.26
-25.278
-30.759999999999987
-33.81899999999998
-23.938999999999997
-35.13
-37.94249999999999
-36.78249999999997
-31.5155
-29.065500000000007
-34.506000000000014
-25.655500000000007
-26.081500000000013
-24.475
-25.658999999999995
-30.20650000000001
-45.32549999999997
-27.438500000000005
-28.749499999999987
-22.348999999999997
-32.98749999999998
-28.281999999999986
-35.52250000000003
-29.477
-30.90099999999997
-24.6995
-16.432000000000002
-29.629499999999982
-31.97899999999999
-25.534500000000012
-21.208499999999987
-23.995
-40.90900000000001
-23.782000000000004
-29.392000000000028
-38.79300000000001
-36.613499999999995
-26.315499999999993
-42.57449999999998
-25.940000000000015
-29.209499999999995
-35.276999999999994
-39.102000000000025
-26.488
-27.011499999999995
-28.13450000000001
-29.93899999999998
-28.118499999999994
-26.898000000000017
-24.486499999999996
-28.592999999999996
-29.459500000000023
-27.6195
-16.141
-34.46000000000001
-19.796500000000005
-27.248500000000014
-39.267499999999984
-38.29749999999999
-27.868500000000008
-28.131999999999994
-30.764500000000005
-15.141
-29.062000000000015
-21.60399999999999
-16.5305
-16.847500000000004
-15.168499999999996
-30.27150000000001
-38.08499999999997
-33.53150000000001
-31.42000000000001
-37.6425
-40.743
-29.298000000000002
-31.44900000000002
-34.31649999999999
-20.504499999999997
-14.095
-19.026999999999994
-23.440000000000026
-33.17049999999999
-16.705000000000005
-23.402500000000007
-18.957000000000015
-26.0835
-22.738
-35.074499999999986
-21.55200000000001
-25.206999999999994
-26.39499999999999
-23.329499999999992
-26.123000000000005
-18.203500000000002
-21.29749999999999
-15.793000000000001
-26.44049999999999
-38.49449999999998
-35.489000000000026
-33.54
-34.10200000000001
-20.503500000000003
-23.251499999999997
-18.797999999999995
-40.968499999999985
-22.131999999999994
-26.474499999999995
-29.50999999999999
-14.967000000000004
-17.355500000000003
-25.102499999999985
-31.700499999999987
-29.267000000000007
-28.704000000000015
-29.319000000000003
-23.23949999999996
-14.39100000000001
-35.436000000000014
-28.48799999999999
-24.029000000000007
-20.8055
-19.65500000000001
-32.26849999999999
-29.261000000000013
-33.1885
-34.43849999999998
-24.877500000000005
-44.27800000000001
-27.556999999999995
-27.599500000000013
-30.345499999999987
-33.74550000000001
-35.62450000000002
-24.955000000000002
-30.087999999999997
-22.99049999999999
-24.003
-13.806000000000004
-23.599500000000006
-28.672500000000017
-24.8945
-30.753500000000006
-33.33800000000001
-32.08649999999999
-29.064000000000007
-32.5815
-21.549500000000016
-30.22249999999999
-29.561999999999998
-25.154
-30.167000000000005
-32.9565
-18.904500000000013
-26.067500000000013
-34.415000000000006
-9.689
-44.82650000000001
-12.167499999999999
-26.166500000000006
-26.409000000000013
-32.914
-22.996500000000008
-17.545499999999993
-31.59050000000001
-24.7305
-20.691
-30.712999999999983
-35.1
-34.516000000000005
-23.797
-24.808499999999995
-32.4805
-28.905000000000012
-32.92350000000002
-25.077
-25.191999999999997
-25.848
-20.076000000000008
-35.1975
-24.122500000000002
-23.95350000000001
-37.83400000000001
-41.12
-38.4885
-29.663000000000007
-18.357000000000014
-20.653500000000005
-25.5985
-24.275499999999983
-26.3525
-20.3865
-31.96600000000003
-23.86550000000002
-35.29349999999999
-34.26399999999997
-25.885999999999992
-23.791999999999998
-22.61
-21.914499999999993
-27.418000000000006
-21.894500000000008
-28.663000000000004
-32.89800000000001
-17.273000000000007
-24.18700000000001
-23.874
-24.340999999999994
-27.769499999999987
-38.64199999999999
-27.085500000000003
-29.222000000000012
-17.843500000000002
-17.517499999999988
-21.253499999999992
-40.29900000000001
-26.115499999999997
-19.20399999999999
-34.485499999999995
-27.826499999999974
-27.39750000000001
-30.77350000000001
-27.27849999999998
-26.921000000000006
-22.005000000000017
-18.402
-28.640000000000004
-21.655000000000012
-27.496999999999996
-30.647000000000002
-33.014500000000005
-33.566999999999986
-26.432499999999987
-34.617000000000004
-29.91649999999998
-22.203500000000002
-19.075000000000006
-27.499000000000006
-36.50599999999999
-39.60150000000002
-30.190500000000014
-29.773999999999976
-32.696000000000005
-20.140999999999995
-24.6145
-23.660999999999998
-26.15000000000001
-20.792999999999992
-33.59049999999998
-27.271500000000003
-30.702
-16.000500000000006
-39.316500000000005
-26.47150000000001
-19.36649999999999
-32.938500000000005
-22.913499999999978
-18.911500000000007
-13.543999999999992
-26.896499999999993
-33.28500000000001
-27.209000000000003
-41.888000000000034
-22.713500000000003
-31.28899999999999
-21.154999999999994
-34.0305
-31.033
-31.370499999999993
-22.23150000000001
-27.809999999999995
-21.590999999999998
-24.916
-15.4065
-29.7695
-29.037
-38.795000000000016
-20.8705
-24.486499999999985
-14.980999999999995
-27.776000000000014
-17.941500000000016
-32.904
-35.61349999999999
-30.10100000000001
-29.353000000000005
-17.3375
-33.0045
-27.623999999999985
-27.407999999999983
-25.383
-34.82950000000002
-25.015500000000014
-27.57950000000001
-22.94
-20.19300000000001
-18.935999999999993
-23.450999999999986
-25.243999999999996
-27.097500000000014
-30.77499999999999
-25.929499999999994
-33.13
-29.881000000000014
-18.334999999999997
-28.77499999999999
-40.31349999999996
-27.310500000000015
-17.91149999999999
-21.46050000000001
-29.418499999999998
-21.400999999999986
-21.634499999999996
-26.64250000000001
-18.828999999999994
-20.670000000000005
-19.254499999999993
-19.010500000000008
-23.785000000000007
-20.957000000000004
-13.504499999999997
-24.754500000000014
-39.42949999999998
-25.475500000000014
-24.810500000000008
-24.553499999999996
-29.744000000000003
-35.89850000000001
-36.74749999999999
-33.154500000000034
-17.833000000000006
-28.907000000000018
-32.08100000000002
-18.026500000000006
-24.98899999999999
-26.781999999999996
-20.82200000000001
-36.612
-30.624500000000022
-23.630499999999987
-21.354499999999994
-31.128999999999994
-33.81799999999999
-22.636000000000006
-20.594
-17.45200000000001
-21.090500000000002
-26.413000000000004
-29.96450000000001
-34.41349999999999
-20.600999999999996
-29.837
-41.15100000000001
-28.473500000000012
-33.62300000000001
-20.123000000000008
-26.85049999999999
-23.31699999999999
-18.179500000000004
-16.0945
-20.798500000000004
-30.383500000000033
-25.813000000000006
-17.215999999999998
-30.879500000000007
-19.439499999999995
-21.688000000000006
-23.280500000000004
-30.41899999999998
-22.823500000000003
-32.25050000000002
-19.212500000000002
-26.207000000000004
-22.682500000000008
-34.11250000000002
-24.27199999999999
-29.091000000000005
-35.853500000000025
-17.8605
-18.9345
-13.396000000000008
-38.26000000000001
-19.569500000000005
-33.991499999999995
-34.27200000000002
-18.5925
-33.4585
-25.987000000000002
-35.387
-28.64799999999999
-23.372499999999995
-14.359000000000009
-29.784000000000006
-29.786000000000005
-17.328999999999997
-16.25450000000002
-37.66549999999995
-9.112500000000002
-17.814000000000004
-24.17749999999998
-22.413499999999996
-18.98900000000002
-22.576500000000003
-18.501499999999993
-15.611499999999998
-33.95150000000001
-41.41749999999999
-36.733499999999985
-18.424000000000003
-40.4235
-12.864
-15.94000000000001
-20.885500000000008
-29.595999999999975
-40.793999999999976
-25.367
-25.0235
-24.22950000000001
-22.32649999999999
-35.834000000000024
-24.963500000000003
-23.265500000000003
-26.473999999999993
-19.244499999999995
-19.361000000000008
-31.800000000000022
-27.346000000000007
-19.189500000000002
-29.05500000000001
-40.798499999999976
-23.90099999999999
-30.780500000000004
-19.3135
-35.264
-43.2805
-29.3405
-23.187
-39.0685
-19.7855
-33.30850000000001
-18.345499999999987
-24.23500000000002
-27.84150000000003
-25.155499999999993
-33.0865
-28.23650000000001
-24.675999999999995
-28.794000000000008
-19.91400000000001
-22.580499999999994
-21.793999999999997
-32.823499999999996
-33.725500000000004
-23.159499999999994
-27.1545
-31.790999999999983
-20.84850000000001
-33.421499999999995
-15.961
-23.168499999999995
-27.210999999999995
-25.12099999999999
-16.539500000000004
-26.408
-25.40499999999999
-32.79100000000002
-28.970499999999994
-18.75800000000002
-21.233
-26.445
-23.09349999999999
-19.818499999999997
-18.431
-30.277999999999977
-17.011
-28.16499999999999
-35.50550000000001
-36.642999999999994
-13.502000000000002
-26.399999999999984
-19.09550000000002
-32.5835
-21.237499999999997
-30.404000000000014
-19.686499999999995
-23.074
-22.310499999999994
-22.48899999999999
-26.02749999999999
-17.75100000000001
-21.35150000000001
-26.474999999999994
-21.614999999999988
-18.492
-23.376999999999974
-21.905500000000014
-19.57100000000001
-15.680000000000003
-29.273000000000003
-33.9985
-31.428499999999982
-27.82600000000001
-21.1885
-18.723500000000005
-40.50999999999999
-12.496000000000002
-16.03700000000001
-30.689499999999992
-25.38649999999999
-14.538499999999996
-20.482000000000006
-14.931499999999998
-31.05
-18.7045
-26.057500000000008
-29.0545
-30.436500000000027
-36.88000000000001
-16.104
-20.207500000000007
-21.477500000000003
-15.592999999999996
-19.432500000000008
-26.2005
-26.524000000000004
-22.172
-25.260500000000015
-28.014500000000012
-21.022499999999997
-25.299999999999994
-15.637000000000011
-14.443000000000003
-21.96200000000001
-26.126499999999993
-24.88
-35.22850000000003
-31.716000000000008
-28.040999999999993
-23.01149999999999
-14.323
-26.748499999999986
-19.983000000000008
-36.5015
-15.155499999999988
-31.703999999999997
-22.002999999999993
-42.25199999999999
-25.182499999999983
-25.87
-26.90400000000001
-22.97250000000002
-34.57449999999998
-33.10450000000001
-20.66599999999999
-30.0995
-24.105499999999996
-44.872499999999974
-26.781999999999996
-28.693000000000005
-29.74849999999999
-16.610999999999997
-21.216500000000003
-22.336
-17.305999999999994
-29.76149999999999
-29.00949999999999
-27.158500000000014
-28.155999999999995
-21.812999999999995
-28.073499999999992
-34.69399999999998
-28.680999999999994
-20.641500000000015
-18.424500000000002
-32.988000000000014
-35.520999999999994
-21.418499999999984
-21.588000000000005
-29.436500000000017
-21.214499999999994
-26.3305
-37.93999999999999
-21.8765
-32.771
-15.965999999999996
-27.990500000000022
-20.066500000000005
-25.333999999999996
-24.876499999999986
-39.797999999999995
-20.534499999999998
-33.3885
-24.637500000000003
-29.98400000000001
-22.319999999999997
-21.768500000000007
-18.978500000000004
-20.6015
-13.583500000000004
-23.52
-24.368000000000013
-22.833499999999987
-26.159999999999986
-22.114000000000008
-19.6395
-26.198500000000013
-23.368499999999997
-17.408499999999993
-34.749999999999986
-25.676500000000004
-20.230000000000008
-17.843500000000006
-21.704
-35.36249999999999
-18.356500000000008
-24.961999999999996
-24.15750000000001
-22.08999999999999
-34.226500000000016
-31.93650000000001
-17.634999999999998
-24.54899999999999
-27.416999999999998
-35.26350000000002
-23.03899999999999
-31.478000000000005
-29.581000000000003
-22.374999999999982
-37.80749999999999
-28.644500000000008
-30.04799999999999
-27.91999999999999
-39.124500000000005
-18.752000000000002
-23.34949999999998
-31.193499999999997
-27.960500000000017
-16.114999999999995
-20.9775
-22.487
-36.786500000000004
-29.492500000000007
-19.819499999999984
-23.571499999999993
-32.50400000000002
-29.546000000000006
-25.386000000000003
-15.140999999999993
-13.914999999999997
-21.466500000000003
-29.6995
-15.389000000000006
-27.786
-25.51199999999999
-30.557499999999997
-21.558
-31.765500000000007
-22.127000000000002
-18.640499999999996
-31.009999999999987
-22.0285
-28.578000000000014
-24.4975
-27.201500000000006
-18.562000000000005
-27.845499999999987
-28.186000000000007
-34.201000000000015
-20.862500000000004
-19.785000000000004
-34.739999999999995
-19.008000000000003
-44.195
-31.02099999999998
-32.384
-29.682499999999994
-24.076500000000003
-19.753499999999995
-24.52299999999999
-29.665000000000024
-25.714
-25.56450000000001
-24.675500000000007
-22.798499999999994
-33.43400000000003
-26.675000000000015
-21.102500000000006
-20.045499999999993
-27.46999999999999
-21.9195
-27.473499999999994
-34.037
-24.503999999999994
-21.451500000000024
-25.029500000000013
-16.896000000000008
-18.75600000000001
-17.040000000000013
-28.255999999999993
-36.32599999999999
-28.576000000000004
-32.75150000000003
-31.226500000000016
-26.714999999999964
-13.214500000000001
-37.87199999999998
-15.10449999999999
-27.111499999999985
-35.03299999999997
-34.62849999999998
-15.1565
-36.30300000000002
-20.633500000000026
-31.18549999999999
-37.09399999999999
-23.753
-36.489000000000004
-29.361999999999988
-22.53299999999999
-22.013000000000012
-29.188999999999997
-21.044499999999996
-20.808500000000006
-35.36900000000003
-23.43999999999999
-27.995999999999988
-24.055000000000017
-17.8065
-24.500000000000004
-19.626500000000007
-23.521500000000007
-14.394999999999998
-19.091500000000003
-18.023999999999994
-28.481499999999993
-35.97699999999999
-25.654999999999998
-29.481999999999985
-31.590500000000013
-17.240499999999997
-27.717
-42.319500000000005
-32.577499999999986
-20.77450000000001
-16.080500000000015
-28.042000000000016
-32.25800000000002
-30.300499999999996
-18.1555
-29.774499999999996
-22.449500000000018
-26.451500000000006
-37.2195
-18.336499999999997
-23.925000000000008
-15.021999999999998
-29.51700000000001
-30.86949999999999
-29.067000000000018
-24.396500000000007
-22.850500000000004
-19.790500000000034
-26.763
-25.465499999999995
-31.561000000000007
-27.603999999999992
-24.593999999999983
-28.5345
-21.27399999999999
-35.728999999999985
-24.142
-22.79050000000001
-28.437499999999996
-24.340500000000002
-29.933000000000014
-15.339
-25.852500000000006
-26.033500000000004
-36.41500000000003
-22.818499999999997
-14.902000000000003
-25.796499999999998
-38.03499999999999
-24.3365
-11.7825
-26.476499999999977
-17.208000000000002
-28.437499999999993
-22.90350000000001
-34.30300000000001
-16.393
-17.6825
-14.35299999999999
-30.69150000000001
-28.13250000000003
-22.35949999999999
-24.23050000000001
-23.727999999999998
-27.328999999999983
-21.484999999999992
-29.834500000000023
-4.960000000000001
-25.739499999999996
-34.259
-33.81200000000001
-31.68800000000001
-17.568000000000005
-31.353999999999996
-33.84
-16.913000000000004
-19.06500000000001
-18.578000000000007
-19.7125
-32.14650000000002
-30.097
-31.54600000000002
-22.411999999999995
-20.457000000000004
-27.341000000000015
-31.08099999999999
-31.40200000000001
-26.9915
-30.0955
-32.13600000000001
-34.956500000000005
-22.97849999999999
-29.92449999999999
-21.413499999999996
-33.813500000000005
-28.919999999999973
-19.9675
-28.63050000000001
-26.21600000000001
-27.353499999999983
-23.1415
-29.232000000000017
-43.68549999999998
-22.93699999999999
-35.50399999999999
-31.988500000000013
-28.570499999999996
-27.103500000000007
-23.974999999999998
-20.827999999999985
-28.445499999999985
-23.718999999999998
-23.139999999999986
-35.55150000000002
-20.824000000000005
-38.025000000000006
-28.461999999999993
-20.7455
-28.846500000000006
-14.065000000000001
-22.596000000000004
-39.427000000000014
-26.142000000000007
-23.752500000000012
-27.580500000000015
-17.416500000000003
-26.131999999999984
-26.984999999999992
-32.07250000000002
-27.790499999999987
-23.898
-25.40350000000001
-31.542
-34.27749999999998
-26.150000000000006
-31.95449999999999
-25.432999999999993
-43.753500000000024
-33.22450000000001
-22.176000000000005
-27.921999999999997
-27.020500000000006
-22.488499999999995
-26.072
-27.329500000000003
-31.525999999999993
-28.680499999999984
-25.34649999999999
-29.72899999999999
-37.90200000000001
-22.74650000000003
-39.57249999999999
-34.40500000000002
-29.81000000000001
-24.714999999999996
-33.986
-38.201499999999996
-18.7525
-28.901000000000003
-20.603499999999997
-24.893999999999995
-25.97100000000001
-31.885500000000018
-27.945499999999985
-28.448999999999998
-26.373499999999982
-24.014999999999993
-30.32699999999999
-31.9145
-28.849999999999987
-18.432000000000006
-32.474000000000004
-22.378000000000014
-39.13249999999996
-22.900000000000002
-33.9475
-31.058499999999977
-27.13749999999997
-25.889499999999995
-23.97550000000001
-39.98200000000001
-21.309000000000022
-23.341500000000003
-32.53999999999997
-25.959499999999995
-30.073499999999996
-24.39750000000001
-35.041999999999994
-17.937499999999996
-9.951500000000003
-22.866
-25.559000000000008
-27.293999999999997
-23.362000000000013
-35.24549999999998
-27.706499999999984
-21.510500000000004
-17.1245
-15.842000000000004
-30.379000000000012
-37.70900000000001
-24.344500000000004
-19.246499999999997
-25.646500000000003
-29.047999999999984
-19.4035
-36.35000000000002
-22.51999999999999
-24.342
-23.2765
-16.668
-20.638500000000008
-32.826499999999996
-35.473000000000006
-27.988500000000013
-22.628
-37.25650000000003
-33.34049999999999
-34.46800000000002
-30.89799999999999
-22.72450000000001
-33.70750000000001
-21.184
-32.1165
-18.051000000000002
-15.14
-32.87449999999998
-33.28799999999997
-23.447999999999993
-18.68700000000001
-14.658999999999999
-27.685999999999996
-12.126500000000004
-26.053500000000007
-18.621999999999996
-21.046999999999997
-14.741999999999999
-40.71650000000001
-11.8
-33.546
-40.35100000000004
-29.19950000000002
-26.635000000000012
-30.750500000000013
-24.009000000000025
-34.289500000000025
-31.80249999999999
-22.78049999999999
-28.815999999999978
-25.221000000000004
-33.02499999999999
-28.462000000000007
-31.716500000000014
-23.284500000000016
-32.8725
-27.651499999999988
-37.15599999999999
-27.60650000000001
-25.518999999999988
-28.4885
-36.93700000000001
-18.841000000000008
-21.730000000000004
-28.017499999999984
-25.773999999999997
-29.09550000000002
-25.67
-33.617000000000004
-16.588
-37.153999999999996
-33.1955
-23.876000000000005
-29.11049999999999
-11.618
-36.17700000000002
-25.307000000000013
-37.52149999999998
-27.842999999999982
-35.939499999999995
-42.83149999999997
-28.793499999999984
-44.511499999999984
-19.583500000000004
-36.237999999999985
-34.08650000000001
-39.7645
-28.59
-32.362
-18.386499999999998
-19.615500000000004
-12.3405
-21.790000000000017
-22.401
-28.60699999999998
-23.153500000000005
-30.495000000000008
-25.56649999999998
-25.3225
-21.85050000000001
-23.817499999999992
-30.688000000000006
-35.522000000000006
-16.264500000000005
-13.859499999999988
-33.977
-27.371000000000016
-18.327499999999997
-22.775499999999983
-33.9185
-25.59199999999998
-32.35850000000002
-23.554000000000016
-29.3
-28.603000000000016
-27.24300000000001
-30.69999999999998
-24.813500000000005
-24.32450000000001
-25.85149999999999
-26.643000000000008
-23.134499999999996
-34.625000000000014
-26.94850000000001
-27.87250000000001
-16.914
-28.572000000000006
-22.558499999999995
-18.087500000000013
-27.882499999999986
-33.9865
-23.617500000000014
-27.833999999999996
-17.642500000000013
-27.309500000000014
-31.048000000000005
-30.193999999999992
-43.559499999999986
-28.994000000000003
-25.686000000000018
-17.61050000000001
-15.543999999999999
-26.436999999999983
-20.629499999999997
-33.207499999999996
-28.18200000000002
-31.851000000000006
-21.638500000000008
-31.2095
-18.56700000000001
-24.03649999999999
-30.449000000000012
-23.260499999999997
-24.4945
-24.595999999999993
-25.81649999999999
-20.722499999999993
-35.71950000000001
-30.10050000000002
-11.679000000000002
-23.350999999999996
-17.696000000000005
-22.300000000000004
-27.588000000000022
-30.796499999999984
-27.225000000000012
-33.79450000000002
-26.656499999999998
-27.216500000000007
-18.7855
-29.17400000000001
-26.966999999999988
-15.906
-28.0425
-33.19499999999998
-19.988
-23.10399999999999
-32.609
-24.583500000000008
-28.96800000000001
-24.51649999999999
-29.210999999999988
-15.94
-20.81
-22.760500000000008
-17.2885
-32.472999999999985
-28.361
-29.13899999999998
-26.836499999999997
-28.016
-28.036999999999992
-27.799000000000007
-18.46900000000001
-18.415000000000006
-34.245000000000026
-28.950000000000006
-41.09300000000004
-17.6005
-25.745499999999996
-26.30099999999997
-42.5645
-40.723000000000006
-22.4585
-23.87899999999999
-39.214000000000034
-37.53150000000001
-37.114
-21.604499999999994
-23.323499999999992
-21.846499999999995
-28.9095
-32.79899999999999
-25.899999999999988
-34.61149999999999
-28.238499999999995
-22.561000000000025
-20.832500000000014
-32.027000000000015
-17.003000000000007
-14.94100000000001
-34.423499999999976
-30.188499999999987
-33.85149999999999
-35.113
-29.21649999999999
-27.969499999999986
-19.35250000000001
-33.97000000000001
-30.342999999999993
-14.149500000000003
-19.968500000000006
-16.497499999999995
-21.673500000000004
-28.40000000000001
-32.161000000000016
-29.79199999999999
-15.826500000000006
-16.029
-19.615000000000006
-19.741000000000007
-14.89000000000001
-30.853499999999997
-30.910999999999984
-23.4115
-27.00299999999999
-43.01949999999997
-21.00899999999999
-25.417500000000015
-25.125
-24.902499999999993
-35.2625
-38.087500000000006
-14.090500000000002
-24.36749999999999
-39.09949999999999
-28.446999999999992
-29.17800000000001
-22.099000000000018
-16.979000000000006
-17.744500000000013
-30.554500000000008
-31.979000000000006
-30.93899999999998
-18.537500000000005
-33.264500000000005
-24.923
-32.587500000000006
-29.572500000000023
-18.228000000000005
-24.203999999999994
-36.11650000000002
-33.274499999999996
-32.5685
-35.37199999999998
-21.89950000000001
-25.469499999999982
-28.976999999999993
-42.972999999999985
-28.873
-17.50350000000001
-15.333499999999999
-30.42650000000001
-29.330999999999996
-21.73299999999999
-33.508
-39.189499999999995
-17.062000000000015
-15.003999999999996
-15.815999999999994
-22.866000000000014
-15.411999999999997
-18.2575
-17.0315
-21.25700000000001
-13.015499999999998
-23.858499999999992
-34.867500000000014
-22.56799999999999
-15.9055
-28.834999999999983
-34.275000000000006
-27.134500000000024
-27.19900000000002
-20.055
-16.42
-19.741500000000016
-20.738000000000007
-21.300000000000004
-31.180999999999976
-23.674999999999986
-26.689000000000014
-29.553000000000015
-17.008000000000006
-31.521499999999993
-21.789999999999992
-28.43
-37.148999999999994
-23.245500000000003
-35.01550000000004
-15.837999999999996
-17.725499999999993
-29.5165
-27.081499999999995
-32.400499999999994
-23.381000000000007
-24.794499999999985
-23.506000000000004
-18.579999999999995
-25.631499999999996
-20.261999999999993
-15.781000000000002
-21.455000000000013
-21.984000000000023
-23.8185
-35.528500000000015
-17.099499999999995
-21.372499999999988
-33.54050000000002
-21.93749999999999
-23.04750000000001
-17.947999999999997
-33.4125
-35.3045
-21.1515
-16.039999999999992
-27.852
-35.689
-38.744000000000014
-31.756500000000013
-20.917999999999992
-35.577999999999996
-37.295999999999985
-29.506999999999998
-29.58699999999999
-27.296999999999972
-19.685000000000002
-19.731500000000004
-33.60549999999999
-29.413
-25.197499999999998
-37.363500000000016
-25.34499999999999
-26.545000000000005
-15.439000000000007
-35.61500000000002
-19.4215
-31.585000000000004
-37.562000000000005
-29.235499999999995
-34.846500000000006
-28.987499999999997
-30.788499999999996
-19.06400000000001
-22.279
-28.39550000000001
-19.243500000000004
-32.27650000000003
-29.98749999999999
-29.988999999999997
-30.4935
-17.827500000000004
-24.451500000000017
-19.518000000000015
-24.691500000000016
-18.1855
-25.58549999999999
-31.346999999999998
-31.830000000000002
-25.347
-32.243500000000004
-17.9135
-28.579500000000003
-32.79950000000003
-14.455000000000009
-27.266000000000005
-23.795500000000004
-24.3685
-27.638999999999996
-29.63700000000001
-30.354500000000012
-28.047
-18.186500000000006
-36.347500000000004
-26.256500000000006
-14.79799999999999
-22.466499999999996
-13.9485
-19.450499999999987
-20.929500000000015
-15.018500000000008
-35.63200000000001
-19.7545
-23.132499999999986
-23.15900000000002
-26.17299999999999
-29.357999999999993
-29.89799999999999
-25.14899999999999
-19.341
-39.25800000000001
-27.871999999999993
-16.646000000000008
-23.515999999999995
-31.36950000000001
-26.671999999999997
-19.174
-29.807499999999994
-22.6555
-31.780999999999974
-22.582000000000004
-24.682000000000002
-25.168499999999998
-27.63200000000001
-22.621500000000008
-29.67100000000001
-17.076000000000004
-27.362499999999986
-22.751000000000005
-24.897499999999997
-24.958
-24.99550000000001
-13.972999999999999
-40.983999999999995
-18.511500000000005
-28.75550000000002
-31.582500000000014
-19.73399999999999
-17.969500000000004
-25.184
-38.09650000000002
-33.69100000000002
-21.954
-18.222500000000007
-21.978000000000005
-19.762999999999995
-14.950000000000005
-16.6995
-24.930000000000017
-38.100000000000016
-38.8535
-35.71950000000002
-34.079000000000015
-34.792500000000004
-33.178000000000004
-29.545
-26.230999999999998
-36.42950000000002
-23.654000000000003
-26.812000000000005
-18.1325
-28.66350000000001
-14.297000000000006
-24.128000000000004
-19.419500000000003
-25.777500000000007
-21.722499999999993
-29.604000000000024
-30.656000000000006
-24.286000000000012
-18.6015
-34.33000000000001
-19.38649999999999
-17.2185
-31.972500000000025
-33.021000000000015
-29.53349999999997
-20.749500000000015
-18.353499999999997
-23.252500000000005
-28.814500000000002
-27.262999999999987
-26.75500000000002
-39.67099999999999
-20.590000000000007
-24.91450000000001
-19.944000000000006
-31.36299999999999
-22.413000000000007
-20.085000000000004
-14.5825
-23.117500000000007
-19.75649999999999
-19.741499999999995
-22.731000000000005
-16.475499999999997
-30.737999999999996
-29.985
-26.6085
-19.30000000000002
-16.847500000000004
-12.841499999999998
-18.993000000000002
-17.849000000000014
-23.291999999999977
-27.536000000000005
-32.84
-18.82249999999999
-24.00799999999998
-26.459499999999995
-26.823499999999992
-23.470500000000015
-27.046999999999986
-23.322499999999987
-20.996500000000005
-42.959999999999965
-22.68250000000001
-28.602499999999996
-33.098000000000006
-28.594499999999986
-15.894499999999997
-15.439999999999996
-29.38900000000002
-15.84599999999999
-24.20200000000001
-23.76250000000001
-33.4425
-23.136
-17.5015
-35.354500000000016
-17.135499999999993
-41.978500000000025
-33.73850000000001
-14.202000000000009
-31.08249999999999
-17.9535
-25.236000000000008
-25.238000000000003
-16.435000000000006
-34.290000000000006
-30.103499999999993
-18.352499999999992
-22.561999999999998
-27.943
-20.695500000000003
-21.899499999999986
-30.784499999999984
-18.259500000000006
-31.857499999999984
-24.59550000000001
-25.42450000000002
-30.253499999999995
-29.219999999999988
-16.126000000000005
-29.87300000000001
-20.74749999999999
-23.592
-21.021
-20.487500000000015
-14.341000000000006
-30.12750000000001
-42.34250000000001
-22.139500000000005
-26.661500000000007
-26.010500000000015
-20.2525
-28.313999999999993
-23.373999999999995
-37.184
-40.368000000000045
-33.49550000000001
-20.994500000000006
-29.147000000000002
-15.949999999999994
-17.99450000000001
-23.2065
-24.20349999999998
-29.743999999999996
-38.71700000000001
-17.683499999999995
-20.931000000000004
-33.01500000000001
-27.456000000000003
-15.123
-29.03950000000001
-31.318000000000012
-17.94850000000001
-41.69349999999997
-15.723999999999995
-29.59050000000003
-39.11849999999999
-38.07749999999999
-30.10449999999999
-34.2695
-16.37350000000001
-27.24799999999999
-33.90199999999999
-17.518
-28.434499999999996
-28.51899999999999
-13.733000000000006
-18.379999999999995
-26.519500000000015
-23.670500000000004
-29.083500000000008
-20.726999999999997
-20.25000000000001
-19.748500000000007
-28.068500000000018
-30.092999999999986
-33.36550000000001
-16.926500000000008
-29.893499999999992
-14.7375
-22.286
-14.197500000000009
-34.003499999999995
-24.513
-23.841
-29.420000000000023
-33.099000000000004
-29.017000000000007
-20.27700000000001
-12.617499999999998
-19.77850000000001
-21.84650000000001
-20.826500000000003
-14.530499999999982
-26.557999999999986
-19.67250000000001
-14.2735
-26.769
-20.609999999999992
-20.82
-27.234000000000005
-20.14150000000003
-29.181000000000022
-15.276999999999997
-25.27049999999999
-13.813500000000008
-36.82149999999999
-29.941500000000005
-20.68
-24.003500000000006
-26.3685
-22.061000000000007
-21.936000000000018
-26.269000000000023
-29.02000000000002
-22.06049999999999
-24.902000000000008
-33.41600000000002
-14.193500000000018
-23.281500000000015
-16.609999999999996
-18.443
-41.57299999999998
-25.42749999999999
-24.658500000000018
-32.93849999999999
-28.669500000000003
-32.49599999999998
-25.13450000000001
-21.99649999999999
-19.456500000000002
-42.00649999999998
-40.16900000000001
-19.7405
-18.277499999999996
-34.254999999999995
-14.6595
-23.392500000000002
-40.16100000000002
-39.20600000000002
-19.94800000000001
-25.67899999999999
-24.15699999999997
-28.640999999999988
-21.68349999999999
-15.437000000000001
-30.10200000000001
-18.564999999999998
-19.826000000000004
-20.821500000000004
-21.3415
-19.535999999999994
-28.913500000000003
-32.516999999999996
-37.83000000000001
-11.820999999999996
-28.276
-31.18850000000001
-20.055000000000007
-25.828500000000005
-24.007499999999986
-29.47950000000001
-26.74299999999999
-14.629500000000002
-31.196999999999996
-18.918499999999995
-32.695499999999996
-27.673500000000004
-25.877500000000015
-31.21850000000001
-24.624999999999986
-25.13500000000001
-18.628499999999992
-23.063999999999993
-30.12
-28.005499999999987
-22.48749999999999
-24.973000000000003
-13.959499999999998
-20.498499999999993
-30.537499999999994
-21.954
-15.642500000000005
-24.358500000000006
-25.520500000000027
-30.338000000000005
-16.865999999999993
-31.84950000000001
-16.128999999999998
-23.226499999999994
-14.297
-22.350000000000005
-21.709500000000006
-14.91099999999999
-16.346
-21.731
-27.8495
-20.494999999999997
-18.403499999999998
-30.147000000000016
-22.77800000000002
-20.463999999999984
-35.054
-17.634500000000003
-27.336499999999997
-27.633500000000012
-33.1405
-20.5695
-34.69200000000001
-25.06000000000002
-26.632000000000012
-20.45049999999999
-25.023499999999988
-19.819499999999998
-17.04400000000002
-13.302500000000006
-24.2735
-18.816499999999994
-28.556999999999977
-32.01499999999999
-16.072000000000003
-26.47750000000001
-32.82300000000001
-28.108000000000004
-28.53100000000001
-28.43
-20.719499999999996
-20.524499999999996
-26.79649999999999
-15.884000000000007
-28.812999999999995
-23.865500000000004
-26.612500000000008
-24.860999999999997
-18.041000000000004
-18.750000000000007
-29.236500000000017
-37.52999999999999
-25.942500000000003
-39.9555
-30.00949999999998
-20.933499999999988
-28.64949999999997
-25.63350000000001
-37.23049999999999
-22.24850000000001
-27.440999999999995
-24.43799999999999
-22.93450000000001
-19.794500000000006
-30.593999999999998
-19.922000000000015
-13.946999999999992
-26.20699999999999
-24.661
-32.1015
-19.803500000000003
-14.4285
-31.404999999999987
-21.919500000000003
-33.02600000000002
-16.873500000000007
-19.00800000000001
-21.225499999999997
-30.616500000000006
-44.271
-36.64050000000002
-17.322
-35.907000000000004
-27.82599999999999
-31.804500000000004
-25.019500000000015
-28.85049999999999
-12.359999999999998
-39.84750000000001
-18.376500000000004
-28.376499999999986
-29.458499999999983
-40.646
-29.586499999999987
-27.432999999999993
-19.334499999999984
-16.10700000000002
-18.968
-34.1175
-19.8035
-27.41000000000001
-22.97250000000001
-19.566500000000012
-30.756000000000007
-21.182499999999997
-17.374499999999998
-21.32400000000002
-21.871999999999993
-32.582499999999996
-25.908999999999985
-17.429500000000015
-24.176499999999997
-27.9665
-32.681500000000014
-30.981500000000004
-26.000000000000004
-36.353500000000025
-29.54600000000001
-20.8395
-24.603499999999986
-29.121500000000015
-25.666500000000017
-21.493000000000006
-22.5665
-22.89650000000001
-24.696
-30.620500000000007
-30.378499999999995
-34.9425
-31.05199999999998
-17.6445
-23.007999999999985
-27.471999999999998
-22.552500000000006
-29.06
-29.934500000000003
-37.09450000000001
-29.621000000000002
-22.811500000000002
-20.553000000000015
-26.207999999999988
-29.189500000000013
-34.859000000000016
-16.444499999999994
-21.44
-12.510999999999997
-23.171500000000012
-13.684999999999999
-39.35549999999997
-14.777000000000005
-24.95650000000001
-19.031499999999998
-14.47
-18.042
-29.2885
-36.902500000000025
-22.789499999999983
-15.631500000000011
-33.98150000000002
-28.5465
-26.982999999999997
-30.740999999999996
-28.230000000000015
-16.249499999999998
-23.468000000000007
-24.78650000000001
-27.45449999999999
-31.482499999999995
-21.52700000000002
-26.9865
-19.070500000000006
-29.03149999999999
-26.652
-23.959
-29.90200000000001
-36.98350000000001
-33.06399999999999
-28.716
-29.710500000000003
-22.1995
-28.687999999999995
-22.592499999999987
-14.909500000000008
-30.693500000000004
-30.951499999999996
-29.183000000000014
-25.12699999999999
-20.37149999999999
-32.31
-13.920000000000007
-24.272000000000023
-22.63000000000002
-24.84349999999999
-24.574500000000004
-23.93550000000001
-33.68250000000003
-17.0025
-19.27350000000001
-17.852500000000006
-21.08700000000001
-35.227500000000006
-28.33799999999999
-31.790499999999994
-24.100500000000004
-22.90349999999999
-26.26650000000002
-29.17249999999999
-23.151500000000013
-16.140999999999995
-28.435500000000015
-19.79199999999999
-29.262500000000003
-15.020000000000001
-16.22100000000001
-39.815000000000005
-26.134999999999984
-24.661500000000004
-17.21999999999999
-30.161000000000016
-14.960999999999993
-19.5475
-16.3095
-20.4745
-23.459
-23.823499999999996
-28.8565
-26.77949999999998
-29.469500000000004
-17.159500000000005
-14.455500000000013
-25.674000000000003
-22.659
-17.706499999999995
-28.823499999999996
-31.983500000000014
-19.37399999999999
-29.0065
-17.6575
-17.194499999999998
-17.99599999999998
-13.272999999999998
-21.294499999999996
-26.665500000000005
-24.537499999999984
-34.692499999999974
-19.372000000000007
-17.63100000000001
-27.26999999999999
-23.5255
-22.126000000000023
-20.177
-36.947
-28.37549999999999
-29.982999999999997
-35.34449999999999
-26.59950000000001
-31.856500000000004
-24.111499999999996
-22.0325
-17.58750000000001
-18.836000000000002
-25.439999999999998
-23.56599999999999
-33.42200000000001
-14.497500000000016
-24.362500000000004
-19.572500000000005
-24.128000000000007
-19.887499999999996
-14.454
-18.22699999999999
-20.07650000000001
-17.653499999999994
-12.962000000000009
-23.93599999999999
-22.40149999999998
-23.881000000000007
-26.065499999999975
-35.86400000000001
-31.248000000000015
-19.803500000000017
-23.432500000000015
-16.788999999999998
-32.38999999999999
-26.59499999999997
-25.405500000000018
-24.047000000000015
-26.585500000000017
-17.419
-25.98449999999999
-16.101000000000003
-23.5115
-20.259499999999992
-24.426
-20.562000000000005
-31.949500000000004
-36.87999999999995
-24.625500000000002
-31.375000000000004
-36.324500000000015
-18.794499999999996
-19.616
-34.279500000000006
-16.627500000000012
-25.112
-28.543999999999997
-35.698999999999984
-25.371499999999976
-22.532999999999998
-23.445999999999998
-25.313000000000017
-15.126500000000007
-23.098500000000012
-26.94499999999999
-34.43150000000001
-26.748000000000005
-17.929500000000008
-27.208500000000015
-31.44599999999999
-27.579499999999996
-16.53150000000001
-30.680000000000007
-18.288500000000006
-15.898500000000007
-33.990500000000026
-27.57149999999998
-28.1475
-18.047499999999996
-21.478
-32.556000000000004
-15.764500000000005
-20.823999999999998
-20.502000000000002
-27.686499999999995
-19.273999999999997
-39.10699999999999
-23.78399999999999
-21.214500000000005
-21.976999999999993
-18.103999999999996
-33.99450000000001
-38.065000000000005
-19.863500000000002
-20.16850000000002
-32.12899999999999
-14.60500000000001
-16.297
-17.221
-27.8495
-27.342
-34.951499999999996
-28.673
-18.785000000000004
-15.427000000000001
-25.091000000000033
-16.943499999999997
-22.575000000000003
-17.749500000000005
-23.739999999999988
-17.270000000000007
-17.11700000000001
-15.914000000000003
-28.94100000000002
-34.62249999999999
-26.395
-19.229999999999997
-37.700500000000005
-35.07250000000002
-11.621999999999998
-15.91750000000001
-19.190500000000004
-20.3345
-20.11050000000002
-22.220000000000002
-14.540500000000003
-14.906000000000006
-28.888000000000023
-30.105500000000003
-30.215999999999983
-16.5735
-27.644000000000002
-19.305000000000007
-29.573499999999996
-29.443499999999986
-30.497999999999998
-28.7015
-14.475000000000007
-19.912000000000013
-39.124000000000024
-21.94900000000001
-31.149500000000018
-20.267000000000003
-34.681000000000004
-24.066499999999998
-15.902499999999995
-19.188999999999997
-29.8105
-24.376999999999995
-19.825499999999987
-23.18400000000001
-29.031000000000013
-31.507999999999992
-14.154499999999999
-25.613000000000007
-38.48000000000001
-28.989500000000007
-14.385499999999993
-26.505999999999997
-19.397499999999994
-17.693499999999997
-24.518500000000003
-36.562499999999986
-28.60650000000001
-22.361999999999995
-28.82400000000002
-31.557999999999996
-40.06100000000002
-33.905000000000015
-37.28600000000003
-22.33600000000001
-28.56350000000001
-20.444000000000003
-27.176999999999996
-18.726500000000005
-24.916000000000015
-32.78049999999999
-20.748000000000015
-24.610000000000003
-29.781999999999982
-32.80800000000001
-24.744000000000003
-26.529000000000014
-21.419499999999996
-29.518500000000014
-29.30100000000002
-24.39
-15.051000000000004
-26.49600000000001
-20.544
-29.675999999999966
-26.6595
-26.326499999999996
-14.93850000000001
-35.70300000000001
-35.905000000000015
-22.737999999999992
-12.45549999999999
-17.809999999999995
-26.72499999999999
-21.18350000000001
-16.728000000000016
-13.528
-24.87799999999999
-27.50249999999998
-18.80950000000001
-18.712999999999997
-34.40149999999998
-30.685499999999987
-38.824500000000036
-31.69399999999998
-22.150499999999983
-17.617500000000007
-31.032000000000018
-41.17550000000001
-21.914500000000018
-20.677999999999997
-26.554000000000013
-38.53700000000001
-39.293500000000016
-23.3375
-21.1315
-21.240500000000022
-19.375999999999998
-15.808500000000002
-26.297999999999995
-22.608999999999984
-13.991499999999997
-21.021499999999996
-18.55350000000001
-21.160999999999987
-14.666500000000003
-23.866500000000016
-20.972999999999995
-15.731000000000007
-17.098999999999986
-23.86399999999998
-25.486000000000004
-23.18800000000001
-22.127
-26.028499999999998
-16.231999999999985
-18.626499999999997
-14.004499999999995
-21.01900000000001
-15.521000000000006
-24.52899999999998
-18.659
-25.22000000000001
-20.194499999999998
-26.15899999999998
-14.800999999999998
-20.95350000000001
-24.21950000000001
-30.630500000000005
-33.78200000000001
-15.756500000000015
-18.45600000000001
-21.966499999999993
-17.118000000000006
-14.66300000000001
-16.912000000000006
-25.488000000000014
-42.81999999999996
-28.086500000000004
-30.532000000000004
-19.722
-23.526500000000013
-33.177000000000014
-21.590500000000006
-20.52000000000001
-25.88600000000001
-23.818999999999996
-30.634999999999984
-22.330999999999996
-17.176500000000004
-20.870500000000007
-17.903000000000006
-27.79500000000001
-21.21900000000001
-37.038999999999994
-27.307000000000016
-20.171000000000006
-28.965000000000003
-31.970500000000023
-25.364000000000004
-20.24449999999999
-18.470500000000005
-26.956000000000007
-25.68099999999999
-23.757500000000007
-23.269999999999992
-16.416999999999994
-26.833999999999996
-16.43850000000001
-11.905500000000014
-30.398499999999995
-27.828000000000003
-15.028499999999998
-15.486000000000002
-20.940499999999986
-21.839499999999994
-22.51299999999999
-17.631500000000006
-22.6835
-25.6745
-13.144
-25.976000000000006
-20.72199999999999
-20.633999999999993
-31.9375
-20.108999999999998
-23.512499999999992
-28.237
-20.891000000000005
-22.71249999999999
-27.306499999999996
-21.36200000000001
-22.043999999999997
-18.07900000000002
-18.2775
-23.240999999999985
-14.512500000000006
-20.839999999999996
-20.79350000000001
-22.146000000000008
-17.700000000000014
-29.113000000000007
-16.801000000000002
-17.365999999999996
-21.361
-24.415500000000012
-24.475999999999992
-24.31000000000002
-21.5475
-25.534499999999987
-29.356999999999967
-18.025000000000006
-18.618000000000002
-19.26800000000002
-19.92750000000001
-34.682999999999964
-26.39699999999998
-27.843499999999995
-28.121999999999996
-16.17700000000001
-36.027999999999984
-17.374
-21.913000000000025
-13.975500000000006
-23.855500000000017
-12.819000000000004
-27.549999999999986
-9.8775
-34.58749999999999
-25.174500000000023
-32.030499999999975
-27.27100000000001
-21.505500000000005
-33.4945
-21.055500000000006
-21.373000000000005
-21.815999999999992
-15.686500000000002
-23.924499999999995
-16.200500000000012
-25.046499999999995
-27.240500000000004
-20.116499999999995
-14.356499999999993
-21.351999999999983
-30.539499999999983
-18.558000000000014
-16.00800000000001
-19.556500000000003
-25.030999999999988
-25.776
-18.534999999999997
-22.19
-16.943000000000016
-23.064000000000007
-13.924
-17.586500000000004
-13.00900000000001
-16.518
-32.711000000000006
-17.854000000000003
-31.482499999999984
-25.11549999999997
-16.6505
-26.385999999999985
-15.157500000000004
-15.36749999999999
-19.502499999999998
-41.057
-22.279000000000003
-29.110499999999995
-38.867
-17.414999999999996
-34.59650000000001
-16.922000000000004
-21.653499999999998
-24.41950000000001
-23.27200000000002
-19.94299999999999
-36.30099999999997
-24.1345
-20.894000000000027
-18.352500000000006
-17.329500000000003
-24.05249999999999
-21.34000000000001
-17.574500000000008
-20.836499999999997
-25.90000000000001
-24.6635
-21.66599999999999
-14.530000000000005
-31.040499999999987
-21.3345
-23.72799999999999
-13.893500000000007
-18.410500000000003
-27.082500000000003
-25.68350000000001
-25.68
-23.511500000000012
-22.4475
-8.717500000000001
-30.61350000000003
-19.503499999999992
-33.549499999999995
-18.45900000000001
-22.247499999999995
-20.677000000000003
-26.610000000000014
-18.3125
-21.906499999999994
-13.657500000000004
-31.236500000000003
-27.591499999999996
-17.0085
-26.645500000000013
-33.060499999999976
-24.428000000000015
-24.541500000000013
-32.89450000000001
-27.505499999999998
-32.51950000000001
-25.06999999999999
-33.76700000000001
-16.6425
-16.1435
-13.730999999999993
-25.21299999999999
-13.15900000000001
-27.10699999999999
-13.38700000000001
-22.02700000000002
-15.004499999999995
-32.11099999999999
-25.429499999999997
-17.105000000000008
-26.87600000000001
-38.74350000000004
-28.967
-16.359000000000005
-25.316500000000012
-19.227500000000003
-15.346500000000002
-30.82950000000001
-15.049500000000004
-15.357499999999991
-15.316999999999995
-17.41550000000001
-35.27750000000001
-11.27
-16.932000000000002
-12.817
-20.03949999999999
-20.505000000000003
-17.42700000000001
-17.632000000000012
-12.882500000000002
-23.331500000000016
-19.618000000000002
-22.837
-15.0595
-24.772500000000008
-31.807000000000002
-30.723499999999984
-22.288000000000004
-40.64099999999999
-21.6955
-34.09700000000002
-35.10900000000004
-22.627499999999984
-24.012000000000008
-14.454500000000019
-16.795500000000004
-18.545000000000012
-29.8205
-21.411499999999993
-22.057500000000008
-14.091500000000002
-24.357499999999995
-19.85899999999999
-14.575500000000005
-22.712000000000003
-33.343
-20.847000000000005
-22.093500000000002
-30.827500000000022
-31.241000000000003
-20.465500000000006
-15.516999999999998
-19.023500000000006
-17.194000000000006
-39.81800000000001
-24.016
-21.727000000000004
-27.647000000000034
-16.039499999999993
-23.00300000000001
-17.530000000000012
-28.579500000000014
-24.64150000000001
-27.457000000000026
-38.1065
-31.240500000000008
-17.606000000000005
-22.251500000000007
-25.7125
-17.753999999999998
-15.872500000000006
-21.854999999999986
-11.482000000000005
-22.854999999999997
-14.384999999999998
-26.0135
-16.60749999999999
-34.75399999999999
-21.954500000000017
-15.077499999999999
-20.99750000000002
-21.498999999999995
-15.228499999999995
-18.6055
-24.60800000000003
-21.19850000000001
-22.278499999999987
-14.656500000000015
-24.62749999999999
-17.043499999999995
-24.572000000000003
-27.9625
-22.179999999999986
-29.83400000000002
-14.916500000000005
-25.358999999999995
-17.231000000000005
-17.667999999999996
-16.07750000000001
-19.22550000000001
-31.944499999999998
-12.764000000000001
-25.439499999999985
-15.836500000000008
-22.803999999999984
-23.272499999999997
-35.04750000000001
-28.574000000000005
-16.031
-18.314500000000017
-18.915000000000017
-19.524500000000003
-24.35349999999998
-28.516499999999997
-23.209500000000002
-18.862999999999996
-26.050499999999964
-20.44800000000001
-27.88800000000001
-18.0915
-18.638999999999992
-24.772000000000016
-29.523500000000006
-16.521499999999996
-16.074000000000005
-36.3155
-22.595000000000002
-29.635500000000004
-15.979499999999996
-19.523000000000007
-27.068500000000014
-31.55449999999999
-28.57199999999999
-31.280999999999995
-15.26650000000001
-29.075999999999983
-15.018000000000008
-15.298000000000002
-30.261000000000013
-28.885999999999996
-19.462000000000018
-20.276000000000007
-22.396999999999988
-13.472000000000003
-25.313999999999997
-24.163999999999973
-28.868499999999997
-25.737500000000008
-17.694500000000005
-22.508
-24.611500000000014
-16.71750000000001
-31.144499999999983
-27.761000000000024
-15.153000000000004
-31.126
-26.013999999999992
-32.62899999999999
-15.281000000000002
-16.178500000000007
-14.389500000000005
-17.218500000000013
-18.26000000000002
-21.042999999999992
-16.587000000000003
-18.416999999999998
-15.45100000000001
-28.679999999999996
-12.652999999999999
-29.44300000000002
-21.668000000000003
-14.638000000000009
-11.89
-13.954500000000003
-19.087499999999995
-19.838999999999995
-15.497500000000004
-20.3815
-17.44600000000001
-30.85749999999999
-22.548000000000016
-19.607999999999993
-24.377499999999994
-24.836999999999986
-23.434
-15.307000000000002
-20.17
-13.227500000000008
-16.154000000000003
-14.95550000000001
-21.332000000000004
-32.080000000000005
-22.91100000000001
-15.412500000000007
-20.276499999999995
-16.293999999999997
-21.46150000000003
-34.91949999999999
-23.818999999999992
-17.924000000000007
-27.245500000000007
-15.077000000000002
-15.111500000000012
-28.063000000000017
-15.122000000000005
-13.698499999999996
-20.336000000000002
-23.816999999999997
-28.059000000000015
-24.360999999999986
-14.021999999999995
-21.974000000000014
-25.826500000000003
-16.921000000000014
-27.936000000000014
-26.943999999999992
-11.55000000000001
-24.090499999999984
-19.045999999999992
-25.137000000000004
-23.813000000000002
-33.36850000000002
-16.184999999999995
-24.68899999999999
-16.883000000000003
-12.888500000000006
-17.94250000000001
-18.347
-17.255000000000006
-22.365500000000008
-25.07700000000001
-22.682999999999996
-14.557500000000003
-12.284999999999998
-18.422500000000017
-14.597500000000009
-27.10849999999998
-19.231000000000005
-21.612499999999983
-21.317500000000003
-28.373500000000014
-18.556999999999995
-30.578000000000017
-26.400499999999994
-14.994999999999997
-21.912500000000005
-33.52549999999997
-28.38749999999998
-26.366499999999977
-17.371500000000008
-16.447499999999994
-17.628000000000004
-17.913500000000006
-23.823999999999995
-14.564000000000004
-14.057000000000011
-12.265000000000006
-28.9945
-26.449000000000005
-23.18349999999999
-26.59949999999999
-13.297500000000003
-18.568500000000007
-16.090499999999995
-16.075000000000003
-25.337500000000002
-18.631000000000004
-21.35299999999998
-14.626999999999995
-18.443000000000012
-18.84699999999999
-30.142999999999972
-30.275999999999986
-28.069499999999984
-17.9865
-28.71750000000001
-14.683499999999993
-16.461000000000006
-15.680000000000009
-21.824499999999976
-29.07550000000001
-12.975000000000009
-16.59099999999999
-30.811
-13.008000000000004
-33.384000000000015
-22.66750000000001
-13.047499999999996
-18.000999999999998
-33.52500000000003
-18.994499999999995
-14.942500000000004
-41.42049999999997
-16.38300000000001
-18.117499999999996
-15.460500000000001
-24.5775
-20.891999999999992
-13.932500000000001
-13.97649999999999
-27.93249999999999
-25.306499999999993
-11.699500000000008
-15.344000000000003
-34.13500000000001
-17.35900000000001
-21.683500000000006
-14.148500000000013
-15.553500000000007
-17.8225
-31.957000000000022
-16.6105
-22.828
-21.073999999999998
-19.39050000000001
-24.340500000000013
-22.558000000000014
-28.312500000000004
-22.811499999999985
-24.514999999999993
-20.018000000000026
-28.4855
-13.482000000000008
-20.996000000000002
-13.258000000000003
-20.04399999999999
-22.841499999999986
-18.944500000000005
-20.643000000000008
-21.32600000000003
-13.350000000000003
-16.076999999999998
-21.567999999999994
-20.792
-28.018999999999995
-16.538000000000004
-27.394999999999996
-14.291999999999996
-19.777000000000005
-20.470999999999997
-18.589499999999994
-21.96500000000001
-17.351500000000005
-15.471000000000002
-18.719999999999995
-19.238999999999994
-24.775
-31.660999999999994
-23.39200000000002
-13.379999999999999
-25.52199999999998
-19.148999999999997
-20.448000000000018
-22.442499999999995
-30.19550000000001
-20.06850000000001
-16.47550000000001
-16.446999999999992
-20.091999999999988
-23.888499999999993
-20.08749999999999
-25.220000000000002
-15.926999999999998
-14.214000000000006
-27.161499999999993
-18.9915
-19.698499999999996
-24.618500000000022
-29.345999999999997
-17.491
-16.059
-13.472000000000005
-16.9205
-37.637999999999984
-20.9845
-21.479499999999998
-16.777500000000003
-21.973500000000012
-18.550499999999996
-26.07099999999999
-17.816000000000013
-18.60450000000001
-14.709999999999996
-30.909000000000017
-27.598000000000003
-19.906500000000005
-14.360499999999995
-20.165000000000006
-13.273999999999997
-16.9855
-13.657999999999994
-19.027999999999988
-19.510000000000005
-17.718000000000014
-21.877500000000005
-25.205999999999992
-15.726999999999991
-21.741000000000014
-18.234499999999993
-14.045500000000002
-17.036
-21.538
-21.3675
-18.9645
-27.328500000000005
-16.344499999999996
-42.71500000000003
-23.7765
-38.23050000000001
-12.648500000000006
-14.362500000000006
-19.977000000000004
-15.136000000000005
-22.789000000000016
-32.42950000000001
-29.881499999999992
-20.722000000000016
-23.119499999999995
-14.719500000000004
-13.609499999999995
-25.459999999999987
-24.859999999999992
-13.471
-20.877
-16.322999999999993
-21.307000000000023
-28.298500000000004
-17.394000000000002
-26.574999999999992
-12.531999999999995
-27.067
-26.028000000000016
-20.97550000000003
-35.81750000000002
-23.874499999999998
-23.097499999999997
-14.74650000000001
-14.347000000000001
-23.108999999999984
-20.270000000000014
-16.754500000000004
-15.056500000000003
-26.656000000000002
-23.299499999999995
-13.063500000000001
-18.87450000000001
-19.215500000000006
-24.549999999999997
-16.148500000000006
-28.018999999999977
-36.526000000000025
-13.727499999999992
-30.405999999999974
-30.038500000000003
-27.082499999999996
-14.670999999999996
-28.875999999999998
-28.99750000000001
-15.534000000000008
-13.697500000000007
-20.736000000000004
-16.177
-12.662000000000011
-20.242000000000004
-15.960499999999996
-10.774499999999998
-18.99
-26.849499999999992
-29.4165
-27.2815
-29.162500000000005
-28.3985
-25.529
-27.776500000000013
-15.8365
-23.205
-17.686000000000003
-24.175500000000003
-29.441999999999997
-17.328
-16.062999999999995
-13.5445
-21.86249999999999
-17.12199999999999
-26.82149999999997
-16.061499999999995
-16.34800000000001
-14.336000000000006
-23.813000000000002
-26.877999999999997
-19.641000000000005
-28.497499999999995
-13.959499999999997
-17.654499999999995
-24.756000000000014
-25.88800000000001
-22.621500000000015
-26.633500000000005
-24.12149999999999
-15.411500000000004
-23.834000000000017
-26.67100000000001
-36.473000000000006
-22.80000000000001
-37.93000000000001
-17.398999999999997
-17.340500000000013
-25.673000000000005
-33.41299999999996
-16.5865
-36.2605
-18.136000000000003
-23.8615
-19.059499999999996
-12.655499999999993
-19.972500000000007
-14.994000000000009
-27.68199999999999
-29.040000000000006
-26.915999999999972
-11.9205
-16.680500000000006
-19.317000000000004
-34.67150000000001
-20.875000000000007
-19.089000000000006
-16.259000000000007
-25.923999999999992
-14.669999999999998
-13.370999999999997
-26.79550000000001
-20.892000000000003
-33.71550000000001
-34.66250000000003
-15.146499999999998
-21.814
-25.90049999999999
-31.884000000000004
-33.93849999999998
-25.54649999999999
-15.608000000000002
-25.643000000000004
-19.450000000000006
-25.254000000000005
-37.20600000000002
-14.151000000000002
-13.015500000000007
-29.5845
-40.06899999999998
-23.52899999999997
-30.408499999999997
-25.76650000000002
-18.232499999999998
-35.767999999999994
-25.510000000000016
-18.661500000000007
-33.14850000000001
-21.868500000000004
-22.561499999999985
-23.763
-14.915500000000005
-30.630499999999998
-13.052000000000005
-18.097500000000004
-25.524499999999993
-12.284000000000006
-12.85950000000001
-27.52550000000001
-27.381500000000003
-15.953000000000005
-25.828500000000005
-25.06799999999998
-22.151999999999987
-12.185000000000002
-21.317999999999987
-22.710499999999985
-14.102500000000008
-22.960999999999988
-15.360999999999999
-25.654499999999995
-33.407
-15.049999999999994
-22.85300000000001
-14.949499999999999
-21.36599999999999
-15.263000000000005
-15.897000000000006
-13.5725
-13.749500000000001
-19.959999999999987
-15.0645
-16.300000000000004
-15.998500000000021
-16.777000000000008
-18.470499999999998
-34.221
-27.10600000000001
-13.286999999999999
-15.62900000000001
-28.368000000000013
-12.715499999999992
-18.043999999999997
-27.99749999999999
-16.461500000000015
-19.03250000000002
-13.466000000000014
-14.5545
-14.768000000000002
-19.234
-29.421
-18.47849999999999
-18.992500000000007
-21.504000000000005
-17.111
-28.939499999999992
-17.196000000000016
-20.260000000000016
-25.734500000000008
-21.598000000000006
-14.065500000000005
-20.42100000000001
-15.286500000000009
-17.133500000000005
-19.963499999999996
-20.181999999999995
-23.171500000000005
-35.41850000000002
-21.864
-21.527000000000005
-27.0775
-15.5925
-29.720499999999998
-19.506499999999996
-15.866999999999996
-14.079000000000006
-22.232999999999993
-24.38250000000003
-20.59299999999999
-15.007500000000007
-20.3245
-23.653
-26.546000000000003
-15.558499999999993
-13.33150000000001
-14.646000000000006
-39.476500000000016
-21.708999999999996
-20.859499999999997
-22.944000000000003
-13.969000000000003
-18.991500000000006
-14.895000000000007
-22.612
-13.197999999999995
-27.2945
-16.711999999999996
-24.58200000000002
-14.831499999999995
-17.996
-15.536500000000006
-25.00100000000001
-15.030500000000005
-17.908000000000005
-16.793
-16.384999999999998
-14.219499999999986
-35.357
-19.91050000000002
-14.132499999999997
-12.189000000000002
-26.12249999999999
-15.161500000000002
-20.653499999999998
-14.352500000000001
-22.910499999999992
-13.711500000000001
-11.739000000000004
-16.41600000000001
-26.522999999999985
-21.30500000000001
-17.347999999999995
-23.028999999999996
-17.726
-26.765000000000004
-17.835499999999996
-34.42550000000002
-21.216500000000003
-14.207499999999994
-15.062000000000014
-32.82350000000001
-12.8435
-14.53250000000001
-16.835000000000008
-12.615499999999997
-18.908500000000007
-17.058500000000013
-14.978000000000002
-13.888499999999988
-18.235000000000003
-19.671500000000016
-14.273000000000005
-26.75950000000001
-37.0795
-17.676
-17.998
-20.112000000000027
-15.393500000000008
-13.4725
-28.2175
-13.294000000000004
-22.37450000000002
-17.5075
-14.966500000000012
-13.741499999999998
-19.521
-18.37949999999999
-15.417999999999997
-15.76750000000001
-19.880000000000006
-27.029999999999987
-31.067499999999995
-18.8125
-23.04450000000002
-18.59199999999999
-32.4055
-13.741000000000003
-21.335500000000017
-19.601999999999986
-29.0425
-14.767500000000013
-13.447999999999999
-30.1095
-24.5355
-26.01799999999999
-23.305500000000002
-25.05650000000002
-17.09600000000002
-27.726
-26.465499999999995
-17.148000000000003
-20.962499999999984
-14.482000000000008
-24.6945
-13.734
-16.377000000000002
-18.066000000000024
-16.921
-20.349000000000014
-24.77950000000001
-28.467499999999998
-19.218500000000002
-22.62700000000001
-19.3085
-23.955000000000005
-24.800000000000022
-25.736999999999984
-22.287999999999997
-21.70649999999999
-16.58
-32.73500000000001
-27.438999999999968
-17.970000000000017
-15.246500000000001
-20.701500000000003
-28.171000000000006
-25.630999999999993
-31.113500000000016
-25.662000000000006
-16.971500000000002
-13.152000000000001
-22.09200000000001
-21.74149999999999
-18.863999999999997
-21.09250000000001
-20.579500000000007
-13.3465
-18.063000000000002
-27.76450000000001
-29.561000000000007
-26.586999999999993
-27.008999999999986
-18.790999999999997
-16.193500000000007
-14.58100000000001
-28.443000000000005
-15.862499999999995
-14.042500000000002
-14.253500000000008
-12.591500000000003
-26.77499999999999
-16.161500000000014
-26.340499999999988
-16.186
-22.339000000000013
-27.881999999999994
-29.920000000000005
-13.418000000000003
-22.881999999999987
-18.709500000000006
-21.051000000000002
-18.681500000000003
-17.41200000000001
-13.806000000000001
-20.613000000000007
-22.94799999999998
-18.66050000000001
-29.940500000000014
-30.593999999999987
-19.012000000000008
-17.293999999999997
-24.646
-21.889000000000006
-15.376000000000003
-16.914
-32.98449999999999
-20.44550000000001
-28.787000000000006
-28.52049999999999
-27.48149999999999
-16.1505
-21.103999999999992
-19.637000000000015
-32.4375
-26.92799999999999
-19.929
-28.06250000000002
-16.634499999999992
-13.060000000000006
-31.784500000000016
-21.948500000000003
-19.594000000000005
-16.91550000000001
-33.051
-21.564000000000014
-35.41250000000001
-15.062000000000001
-34.46650000000001
-24.389500000000016
-20.335500000000007
-14.320500000000001
-13.714999999999993
-17.291999999999998
-23.01400000000001
-16.602500000000013
-23.433999999999994
-15.253500000000011
-19.677000000000007
-14.757500000000004
-26.303999999999984
-21.116500000000002
-25.296499999999998
-25.12450000000001
-24.63049999999999
-17.056500000000014
-28.54500000000001
-26.36900000000001
-12.283500000000005
-26.59599999999998
-20.41900000000001
-15.791000000000007
-19.589
-23.918500000000012
-14.747000000000009
-22.221500000000006
-17.294000000000008
-20.563999999999997
-27.129500000000014
-30.420499999999983
-19.430999999999997
-20.039500000000007
-21.994499999999995
-33.3065
-21.564500000000006
-19.82700000000001
-20.054500000000015
-21.901500000000016
-18.301000000000005
-15.417000000000012
-18.2615
-28.548999999999992
-20.582499999999992
