0
5600
2100
7100
10700
4900
7200
10500
4100
10800
7100
4600
3900
4900
9300
11000
10300
8200
5800
10700
4300
7500
6900
4800
5800
4400
9100
5400
10800
7100
6900
4500
12200
9100
11000
11200
6400
11800
7300
10200
6000
10700
11500
4500
11600
11500
9000
3200
4600
4100
11900
4800
9800
9400
9400
11500
11400
11600
10500
3700
11300
11400
3500
8900
2400
9200
7600
11000
8700
11200
4800
3500
11700
6800
3100
11400
10500
5600
11500
3300
11900
3400
7200
11500
12000
11100
12000
11400
11300
5400
10900
4600
11600
10800
11600
10700
3900
10200
11900
12300
6400
8200
4800
6500
11500
6200
12000
10400
11300
6800
9400
5300
10000
3900
10000
10700
6600
11200
4600
10700
11500
12300
12300
6000
5100
10400
13100
11100
11700
11700
10900
8900
4000
9700
2700
3300
11700
11900
10700
10700
4500
11700
7000
8500
11400
9300
5900
8700
10300
10000
10300
7000
11500
2300
5200
7700
7100
10600
5400
5300
4000
7500
6700
11800
4500
11900
9000
5800
8100
10800
8900
7500
4800
8000
8300
9000
11800
11600
11300
12100
13000
8000
5800
10000
10000
12000
8100
12000
3800
12900
8300
10600
8700
11100
5800
11300
8700
12200
8500
7400
6400
6000
11900
12400
12300
11900
4600
11500
5600
7700
11000
6900
11000
7400
4300
8800
11500
10400
8700
6800
4500
11600
9900
7500
7400
12000
3200
3100
3400
2900
11400
7800
13100
8600
12200
10900
11500
11800
8100
11600
6100
7300
12800
9300
11100
10900
8900
12000
10100
4300
10900
8100
8200
11800
4700
3900
8100
11100
11200
5700
12400
12600
4900
10100
6400
6200
12200
11300
10900
11200
8200
11600
10700
12900
11300
9400
10900
7600
11200
9200
12300
10100
11900
11100
11400
9200
6800
11300
10900
11500
11000
11300
12600
11500
10900
13000
12800
10100
7500
8500
5000
9200
10300
11500
4900
11400
12600
11800
6200
3900
7900
10700
11600
11300
11300
9500
13400
11500
11600
11800
5500
11600
10400
10800
12300
11300
10000
11500
6700
7100
11700
11000
3500
7700
11600
5600
11000
11000
7300
4900
10900
5700
12100
11100
5400
6700
11200
11900
2500
11400
11100
11600
11500
12300
7900
12800
5000
11000
9600
11100
11700
9600
11300
7800
10100
10900
11100
4000
10400
12200
11300
11800
10500
11300
10500
11600
11500
10600
4000
7400
11800
6500
12100
12300
10200
1400
3700
11300
8400
9500
6200
11400
11100
6800
10400
10900
11600
11800
11700
6400
6100
11300
12100
3800
9800
10600
7600
11900
11100
12400
11600
11600
8100
12500
7500
12300
10600
8300
10400
12100
7600
10300
11800
6100
10700
4200
8000
12800
11100
6200
10700
11900
6900
11100
10700
5400
6000
5700
12100
10900
8200
9200
11500
5300
5600
11800
11900
5500
11400
11300
8300
12100
11200
6400
4100
11400
11500
11200
3900
12300
11500
9600
5600
9300
8000
11800
13200
9900
10000
7200
9000
6200
10100
7500
9800
5700
10700
11100
11500
12200
11800
10800
9800
10900
8400
11000
5200
9000
11600
11900
12000
7600
11200
5800
11600
8000
11200
11100
11300
4600
7900
12300
9300
11600
11200
7500
11100
11300
11500
8400
11800
12400
11500
8900
11300
6800
11800
7500
11500
9900
12000
8600
11500
8900
8200
10100
11300
12000
12500
11700
12300
10800
11400
6100
10800
2900
5200
12400
9800
11500
8700
11500
11600
7500
12200
11400
11200
4600
11700
11700
9200
12700
11400
4200
6900
12000
12900
4800
12000
6000
12300
7600
11100
12500
11500
12100
12000
7400
11600
5300
11600
12000
4900
4700
11600
5800
11600
10200
12400
7900
8900
11500
6500
11500
6800
11000
11600
11400
6800
13300
7900
11100
8300
11900
11500
11800
5800
11700
12000
6900
12000
3400
4600
6000
11700
4900
5200
12300
11800
13100
7900
4600
5400
9900
10800
12000
6300
8500
8900
11900
6700
11400
12400
8300
11800
11100
10400
11900
7000
11300
11000
11100
12100
5800
11800
11500
11400
12900
12400
11300
12200
12900
11600
10400
11300
12100
11900
2500
7300
11600
11900
11400
3600
13700
11900
12200
7100
11900
11800
11800
11500
11100
12500
12000
11900
11700
11400
11500
11100
11500
11600
4900
8800
11700
9700
12200
4100
11500
10800
8600
12300
9500
7800
11500
10900
11900
11100
9300
12800
11900
11900
11800
10900
10800
11600
3800
12400
11400
3400
4400
9600
5200
12500
12200
8700
12900
11000
13300
9200
10300
12000
11300
11900
12700
12200
8900
10800
12100
8900
12300
12000
6400
6900
12100
8100
7600
11800
10200
9500
11400
8400
12800
12200
11400
8700
11600
11500
11600
2600
12600
7700
4200
8200
8900
11700
3800
4100
8700
8800
11900
12000
13200
12400
10900
11500
8100
11500
11700
9400
6100
6100
11200
11200
6800
11700
11500
7900
12800
11700
12100
11400
8600
3300
11400
9600
5600
12500
7200
11100
7100
13000
11600
11900
8400
10700
10500
11500
12500
11400
10900
7900
11700
9700
9000
12500
7200
11700
11800
10700
11800
10900
4800
5200
9900
12500
9000
11200
10300
2500
9300
12300
4300
4700
5200
11700
11900
8500
9800
10300
11800
12300
11900
12900
6900
4100
4600
12800
12000
5200
6900
4600
5300
12500
11000
5900
12100
5700
5300
7100
13000
12300
4300
11500
10000
10900
12000
11300
12200
13000
12100
11600
7300
13200
12800
3100
12900
8100
10700
10000
12200
6700
12300
12700
11600
12500
12100
4800
12600
8100
11900
7800
10300
12000
12000
12200
10500
12200
11600
8100
9800
11700
11900
7700
1700
12500
9100
12500
12200
11000
12000
12700
11300
12600
11800
11700
5900
10400
12500
12600
12800
11700
900
11600
1200
8700
12500
9100
11600
11900
9900
8900
9600
9300
9800
11100
11700
5700
11800
13000
12700
12500
5400
8700
4900
11900
5900
7800
11600
10800
10900
10500
13100
12600
11700
12300
11800
4700
11400
12100
9100
11600
8000
6900
13500
12200
11300
12400
11300
11100
11800
12200
11600
12400
6500
11700
12400
10800
12400
12100
11500
12600
8000
5900
12600
12100
8700
11800
7100
6800
8800
4300
11600
13200
11500
6400
8800
8000
12200
13600
12100
4800
12000
10000
10900
10900
8200
11600
10800
11800
12800
12100
8900
7000
9500
11800
9000
6600
10100
12000
11600
8900
12200
13700
12300
12500
11900
12500
11900
12800
11700
11800
10200
13400
13400
9700
11500
6500
11900
2900
13400
12400
11200
12500
11600
4600
7500
13700
10200
9200
7600
6900
12900
11400
8300
7700
7400
13200
6200
11400
4800
5400
5700
11800
11600
7700
12500
7200
11700
7200
11800
11400
10500
11900
12500
6300
11000
12000
7400
12300
5500
13300
12600
12000
12100
12700
12500
11600
8500
12600
5900
12500
9200
11900
11400
11400
13300
13300
8400
4300
12300
11700
10500
10700
11600
12500
4500
11800
7800
7900
12200
4700
13000
12600
11600
7200
5000
12100
11000
10600
12400
5900
12100
12900
11200
3200
5600
11600
6500
3600
12400
4900
12900
12300
13100
8500
12400
6600
12000
11500
11700
14000
10300
9900
12000
13300
13200
9800
13900
11900
11900
12600
10800
12300
11600
13800
5600
12700
12300
9000
3200
12700
11700
1400
13500
12800
11800
13000
11900
11900
12500
11700
11800
10500
5200
11500
2100
13300
11800
12400
12800
11300
10000
11700
12800
11500
12200
13000
8800
12300
13300
11500
8500
12600
9200
12400
12600
11400
12200
12600
10400
11300
8500
11200
14000
10000
12200
12400
11800
11600
12300
8000
12000
11300
12500
8700
12100
11200
12900
11300
9400
9700
13200
11800
12900
12000
9800
13100
3400
8800
13300
12500
11800
12400
12000
12200
13100
12200
6700
11800
13600
10300
12300
11400
2700
12500
12000
11900
7400
12000
4800
11500
11700
12900
12000
13200
6500
11000
14500
5000
12500
11600
12900
13200
11400
10900
11900
5900
13200
4100
11800
13800
13200
11900
11800
12800
12500
2400
13600
12000
11900
11000
12300
12400
5500
12200
4800
12800
12200
12700
11300
13100
12600
13200
12400
12200
13200
5200
12400
6700
7900
8600
11600
11800
10000
4900
12100
13500
11600
13200
9900
6300
12600
12400
12500
12700
12700
11800
12000
12000
9300
9400
11000
11600
11700
14100
4200
11800
13000
4600
12200
10400
10800
11800
12400
7900
12000
12500
12500
13000
12000
12000
12800
6600
12500
12000
6200
12600
12700
11500
12800
11800
7800
6700
11900
11200
6900
11500
12200
8800
13200
11600
11900
7500
12300
12300
13400
13100
12500
12400
12600
12800
11800
12500
10500
5800
12500
4400
5700
12400
14300
7200
7400
12400
12700
12400
13300
11900
13600
11600
12100
11200
11600
9500
11800
14100
12100
12500
11200
12800
12100
13000
9900
13200
13000
6900
12300
12200
12100
6400
12200
12400
13000
13900
2500
6400
9100
12600
8600
13000
12200
7400
13400
4700
12900
10200
5500
11700
5500
12000
12300
7000
12500
8700
12500
12500
9600
12600
11600
12400
10900
12400
8500
12100
12100
10500
12900
5900
13200
9000
11600
12300
12900
15000
13300
11900
12600
9200
12400
12000
12500
13000
12500
12600
13000
11700
12700
11300
12500
12400
2200
11700
13000
13200
11800
12600
3500
12100
13700
10900
11600
5700
12800
12500
12600
12700
11700
13700
13400
11600
14200
12400
12700
12800
5600
13700
11200
5300
13700
6100
8400
11000
10000
11600
9000
12500
12400
12000
13200
13200
13100
12000
11200
11400
12600
12600
7800
5900
10800
12900
9900
2600
13000
10000
12000
8500
12500
12900
5700
12600
12000
13400
12500
12400
4700
11800
11700
7000
12400
13100
14000
12500
10900
8800
12300
8400
3900
9600
12300
9400
1300
11900
6100
6500
5600
12500
12700
12300
12200
12700
12200
13500
11800
12200
12600
5300
11600
400
7400
12100
12500
11600
13800
12800
7400
13400
12900
5500
5900
11300
10200
11700
5200
7200
9600
10400
13200
11700
8900
12200
8700
6000
10500
13300
11800
7200
5500
11700
11700
12200
7500
13300
12500
6200
11900
12300
12000
9700
5800
13500
12700
6900
13400
11700
13900
11700
12100
8000
10600
12500
13400
9000
12200
8600
11600
12500
7000
12600
12900
13400
7700
13800
10600
10100
13300
12600
11500
13100
12300
12600
13000
12400
12800
12300
11800
12100
13300
12600
9300
11500
14800
11900
12900
10900
8700
12600
9600
13300
12100
6800
6500
12100
11200
12300
13000
9200
11800
12200
12300
8700
5500
11000
7200
12800
12900
8800
12300
12900
7800
13000
11900
12800
7200
9000
12200
11500
11000
12000
3800
2900
11600
8800
6100
13600
11000
8100
7600
11500
14200
13100
10000
12500
12700
11800
10400
5600
11000
14300
12800
12500
2900
8400
12100
13100
5700
12000
11700
12500
9700
12400
12700
11700
13200
11300
12600
4000
11500
11700
12700
12800
13400
12900
3100
8600
13300
12700
13300
12100
2000
10900
12500
10700
7600
12500
5800
11700
9900
13100
11500
9400
12500
13200
11600
13700
12600
12800
13200
13800
11800
11400
12000
12900
12800
12400
7800
11400
7600
13600
2700
11500
11100
12600
13500
1200
14300
15000
12000
12400
11500
10700
7600
11000
12500
12300
9700
12500
12300
12500
12900
6200
4200
13200
12900
12900
13200
12000
12200
13200
12500
12300
11900
12800
3100
13700
9400
7200
5200
14600
10800
7300
11300
12500
13600
12300
14600
13100
5800
12400
6200
12400
8200
13100
12600
13300
6700
10700
13200
12700
9400
12700
13200
13000
12700
12200
11400
12100
12700
12100
12400
13200
7900
12500
11800
12100
9000
9700
12700
12500
3700
9100
11400
6200
9800
13900
13500
13300
11200
12600
2600
13600
13600
5100
13000
12100
7000
10900
12700
7600
9500
11600
12500
13700
7900
11100
12600
13000
12400
10600
7700
7400
9400
13100
14400
14400
14500
12700
10100
13100
12200
12900
10000
9100
13900
13600
12000
11700
12800
12600
14100
13200
10800
11500
13400
13300
9900
12800
12500
13000
8900
11700
12000
12200
11800
11800
12600
13200
13900
12600
13100
13700
12700
13100
12300
13200
8100
12500
13300
10400
12700
5800
12800
13900
13000
9700
13500
7500
13400
13100
13200
14200
12900
13800
13000
13700
13400
11700
12700
12900
13500
7200
10800
11900
13000
14100
11600
12500
11200
8000
13400
12800
10200
13800
9800
13300
12200
8700
12900
11300
12500
12800
11900
10800
11700
11700
12800
5600
9100
11600
9100
12100
13600
12700
11900
6900
12000
12500
13600
13900
3900
12700
13700
13300
4100
9700
2600
12500
12200
11300
12600
13300
10400
12600
13400
12500
13700
13200
12200
12200
10100
12300
12300
13200
13700
12600
12300
14000
11500
12700
12200
13900
13300
11700
14100
10400
12600
12300
7100
14500
11500
4400
13200
13000
12300
12400
11200
13700
12700
11300
14400
14000
12000
11700
13800
13300
12700
12500
12400
11300
12700
12700
12400
12300
9100
7200
10600
13100
13800
12700
7900
6700
12400
6100
12800
13100
13200
12500
12200
11500
11200
12000
9200
9000
12000
8600
9800
13400
12600
11200
14000
12400
13800
11300
14300
12600
12900
12000
8700
11700
12200
10800
12800
12400
13600
13000
12400
12900
12300
12800
12800
12100
7500
13100
9000
12200
12700
13100
5900
11900
14200
13300
12800
12300
13300
12300
9000
11300
12900
11100
13000
13300
13600
12700
12800
11500
7600
12500
10500
5500
11800
12600
8600
13500
13000
8300
11900
13800
13100
12200
13200
13800
12000
13500
12200
12700
12800
13600
12500
13000
14200
12400
11100
13300
13000
12600
7600
12900
12200
12300
12100
14100
11700
12200
11400
12000
9600
12400
11800
13800
8600
13900
12400
3300
12700
12800
11600
10400
14600
8200
14000
12300
7200
12000
13700
13600
9800
10300
12700
14300
12000
11600
12500
7500
13100
12400
14100
14100
13800
10600
12300
13000
14800
11200
13200
12400
4700
12700
12100
13100
13000
14500
5400
12500
13500
12700
10100
12600
12700
13600
12800
8800
13600
12500
13500
12200
11200
14100
13200
12800
12200
3200
12900
9600
13400
12200
7900
12500
13100
7100
11600
13300
10600
10900
13700
12900
5400
12500
11900
13000
12600
10800
11800
8000
12600
8200
13200
12000
11900
12300
12000
12600
12900
13300
13600
13000
12700
12800
13000
12600
12900
8700
12000
13100
12700
13100
12900
11700
9000
10500
12700
12200
12900
11600
13800
3400
12400
13000
12700
12300
13300
13300
11200
12300
13200
12500
13200
13300
12000
13100
12500
13300
12300
12300
11500
13700
5500
14100
13500
8100
12700
13200
13600
12100
12900
11300
12900
12100
12500
13100
12400
12400
14400
11700
13400
7600
12900
14000
12900
6200
12700
13600
12600
12900
13700
14000
11800
10600
14000
12800
13400
14300
13400
12200
7400
12700
14100
12900
14200
13200
13000
11500
12200
12400
7600
6200
13400
12100
12700
13200
13700
14400
12100
13600
13300
14300
13000
12800
12000
12900
13400
12900
13500
13700
12500
12600
12300
13400
12800
15000
11200
14200
13000
12100
11800
13200
13300
12900
12200
13300
13200
11800
3900
3900
12000
12700
3900
12100
12700
12000
13500
9600
13400
12200
11700
13300
13100
10300
13500
12200
11600
12700
13100
13200
12500
8000
13100
13500
14300
12900
13700
13400
12600
2800
13400
11100
14400
14800
13800
11600
11200
7900
13000
6300
8400
2400
12900
12900
13500
4600
7300
12000
12600
13900
12700
12900
13300
11700
5600
12600
12900
13200
12800
10700
13000
12200
5900
13100
13300
13200
2900
13000
12400
11100
12400
13000
12700
12600
13800
13200
13800
5000
10600
14200
12900
13500
12700
10400
14400
13700
14800
9700
9400
13300
10800
12400
13000
12700
11800
9300
13500
11700
13400
11100
13200
8400
13300
13200
12400
13000
11400
14100
12400
8200
12300
14100
14700
14600
12600
11800
12600
12600
13800
11200
11400
11900
12900
12400
4600
13000
14600
8400
12300
12900
12600
14700
14000
14400
12100
13900
13000
13100
12500
13000
13800
13800
13800
12400
12700
12600
14000
13900
5900
9900
12400
13300
13600
11600
11700
12300
12700
14500
13000
12600
12600
13000
11800
13900
12500
11700
12000
13100
12600
11900
13400
7400
12700
10800
10300
12700
13000
13800
12500
12600
12600
13400
12600
13700
13500
13100
13000
11700
12900
3800
14200
12900
13300
14000
12900
13500
12600
12700
11600
12700
12800
8200
8800
13300
12500
13300
15000
4500
13000
9900
12500
13000
12700
13900
11900
13900
12300
10900
12600
13600
14200
12400
13100
11800
12000
12000
12900
11900
12800
13100
12800
12700
12100
13200
14000
12900
13300
12800
11800
13900
13200
8200
11700
12200
7000
13400
13000
14000
13600
4600
13600
12100
13000
12100
13500
12200
14000
13400
13800
13100
13300
12200
7500
12800
7800
14300
13800
10900
13900
13100
12400
11900
6400
12000
12700
12700
14100
14100
12400
9000
11700
13400
13000
12400
12400
8600
12100
12700
12100
12800
12700
13100
12700
12600
7400
12900
13600
7500
13300
12600
8300
12800
12400
5300
9400
12900
13300
13300
12900
14400
12900
12800
12700
13200
14600
12200
13600
13500
14000
8800
13600
12000
12800
12700
12200
4100
11200
6500
12700
12800
12000
12700
11900
11700
10100
13400
11200
14000
13600
11400
13300
12500
12400
11700
13900
13000
12900
12000
14000
15900
12900
11700
13400
13300
13000
13200
11900
14900
12900
14100
13400
13100
12400
12200
13600
7900
12300
13400
13600
14200
13100
13900
12300
12700
12600
12300
13000
12500
11100
12900
13700
12300
12500
12800
13200
12800
6700
12600
12800
11700
13300
11800
4700
9000
9700
13100
14500
13800
14300
9300
11300
12600
13000
12400
10000
2600
13500
12500
14300
13700
12400
13900
13700
11800
12500
14000
6000
12300
15300
11400
13300
8000
13000
15100
13200
12000
12900
13500
13100
11800
6400
12900
7400
11900
13200
12800
12900
12400
9000
13500
12300
12300
13600
13400
12300
13600
13600
12500
12800
13600
13100
12900
12200
13400
12100
12300
11900
13700
12600
8000
14000
11500
11700
15700
12300
12200
8300
10400
14900
14400
8200
11800
12700
12700
14200
13000
12800
14500
13700
12300
12900
13100
14500
14700
13300
12100
12700
13800
13600
13700
13000
12600
6300
12500
13000
12900
13000
11800
13700
12700
11500
12900
14100
13600
11600
10900
11900
12100
13100
14300
12700
12400
13100
14400
12900
13200
12300
13500
13700
13400
12600
12400
12000
12900
11900
13000
13200
13800
13900
5100
15400
13700
12600
12800
13500
9900
9500
5200
12100
11900
13100
12600
12900
14500
12800
14800
14200
14500
13800
12200
8200
12300
7800
8800
12900
12200
13600
13100
13300
13500
6800
13300
12700
12500
9000
13700
12100
14300
13200
12800
12400
13800
12800
13100
11900
12700
13400
12700
13000
14000
13200
13300
14100
12400
12700
13200
12400
13600
13000
12600
12900
15000
13000
8100
15000
14300
12700
8900
13000
13600
13200
13100
12600
11500
12500
13300
12800
12500
13400
12500
16200
10400
14400
13500
15200
12900
12600
12800
14300
12500
14500
12400
13400
12800
13800
12500
13600
12000
12700
13400
13400
13900
12300
13100
13800
13000
7100
13200
13500
4500
12200
13800
13100
13000
13200
12800
12600
13000
10000
13600
13000
13300
12600
13200
5600
13100
12000
12400
14500
13900
13400
13300
5700
14000
12100
13100
13700
13500
14500
13200
13400
13500
13700
12800
12600
13600
12700
13000
13500
12000
12900
8000
13500
13500
13800
12200
13800
12500
12900
14100
12700
12400
12500
13300
13700
12800
13600
15100
13700
14300
13200
13800
12700
14900
12800
12800
13900
13500
12400
12800
13300
12800
8900
13300
3400
13200
12800
12300
13800
12600
13700
12600
13700
13000
13500
8600
12500
13400
14000
12900
6300
7000
12700
13600
10400
13100
12900
13300
13000
12800
13300
13300
13300
14800
13800
14300
10700
13600
13300
12600
11700
12400
13400
9000
13300
15100
14300
13300
13800
14700
14000
12700
14100
3900
2100
13800
12900
14600
13900
14100
13500
12200
12900
13000
14200
13400
10700
12000
12700
13300
12600
13700
13600
13000
12800
13200
13300
9600
13800
13000
13600
15300
13500
14000
12800
12500
12900
13500
9700
13100
5500
13300
14400
12700
11600
13600
13500
13900
14400
10400
14200
12000
7700
12500
11000
9400
14200
13600
11600
14500
13300
13000
14400
13800
2700
13500
13600
12500
13700
15100
14300
13700
13700
14000
14000
13200
14600
14000
13000
13900
13700
12900
14500
9300
13700
7800
13700
13500
14600
5000
9900
2300
13800
14700
12600
12600
12600
12900
14000
13100
13200
13600
13400
15800
13700
15300
13500
13300
12200
13300
14000
13200
13200
12900
13500
13500
12200
13700
4800
12600
11200
14300
12900
12700
14500
14500
13900
13900
10900
12800
14500
13300
14600
14200
12300
13700
12500
13400
14400
8800
14300
15200
13400
11500
13900
13700
7600
13700
14300
13900
13400
13800
15000
12600
13900
12900
13700
10700
14800
13200
12800
13400
15200
14300
14100
13000
13300
14000
13300
12800
13900
13000
13900
13700
11800
13800
15400
13400
14000
14200
5700
13100
13800
12800
12200
13100
13900
13900
14200
14000
13600
14300
13300
12200
13200
13600
12500
13900
12900
13900
13200
13900
13700
13200
10200
7400
13000
13300
13100
14000
12300
10000
14200
14800
13500
12500
15200
12700
13200
8600
12800
14300
13100
14600
13600
13700
12400
13200
12500
11600
12800
12600
13200
13100
3500
10000
13400
13800
13200
12800
13500
12600
4400
12200
12900
14500
13100
13900
6400
14800
16400
13300
9900
11800
14900
13800
13200
12400
13300
12600
15500
15000
12900
14800
13700
11100
13200
13100
14400
13300
13700
13100
13400
12800
13700
12200
13700
1900
13400
10700
12700
13000
12000
13100
13800
13500
14400
12700
15100
14300
10800
12700
14200
15100
12700
13500
12300
14100
14300
14000
11500
13700
13800
12400
14700
13400
12800
12400
13800
13000
13900
10200
14500
14100
14300
13800
13600
8500
14500
13900
14400
14100
8200
13900
14300
12500
8700
14700
13600
13700
13500
12500
13800
14200
12400
14200
11900
12600
16400
14700
8800
14600
13900
14300
12700
14300
12800
15500
13900
14000
13100
14200
13200
13000
14600
14200
13400
14200
14000
14600
15800
13400
13500
12900
12800
13100
13500
10600
12900
13900
13200
14400
14600
12800
13200
10900
13900
11600
2600
14000
13900
13000
14200
12700
12600
6500
13700
12700
15900
12300
12700
13800
14200
12700
10000
15100
11900
13600
11600
14700
14500
13900
13800
13700
14300
13600
14900
11200
12800
14500
12800
13400
14200
12600
13700
15000
8900
12200
11700
14500
13600
14400
15500
12400
12000
13900
13000
13300
14200
13700
14700
13300
12400
11800
14100
12800
8800
14100
13200
13500
13500
13700
13400
13400
14100
14200
6900
12300
14000
13300
14000
13700
14000
12200
14800
13600
14700
14200
13800
11800
14500
14600
11700
15100
13600
12300
13800
13500
12700
7300
12800
13300
15200
13400
13900
13400
13600
14400
13300
6900
10000
5400
13600
12800
11000
11900
14100
9100
13200
12900
14000
13000
12900
13800
12300
5400
14600
14600
13600
12400
12300
13200
14500
13500
12900
13500
13800
12800
13100
14700
14500
14300
12700
12600
13800
5600
12500
6800
14600
14000
12800
13700
13800
15500
13700
13400
12700
10800
12600
14100
13400
12800
12900
12700
14100
13900
14400
12700
12600
13600
14100
11500
14700
14700
13400
14300
12600
15300
12600
11900
13900
12400
14000
14200
14100
13000
14800
15000
14100
14600
9200
13200
12300
13500
13800
13100
13100
13800
6100
12100
13600
13000
13300
15100
15600
13200
13500
13700
13500
14600
14900
13800
13600
15500
15300
13700
13000
15200
13900
12100
13600
13300
12900
14400
14700
14800
13600
14500
13900
13800
14200
13000
14100
14200
12900
13600
13100
13700
7800
14600
12400
14400
13100
11400
13700
13600
11300
13100
14000
14400
14100
13200
12300
13400
13000
12700
14000
13800
15300
13100
13500
12700
14700
14600
14700
12000
14000
13400
14000
13600
12800
14300
13200
14100
12200
13600
13800
12800
13900
14000
12000
14100
14400
13100
13700
13800
12600
13700
13900
15500
11800
14800
14000
14000
13100
13600
14600
13700
14100
13900
13800
12200
14100
12300
12800
13100
14200
13300
12700
12300
14200
14200
12500
14300
13700
13700
13800
12700
8700
13900
13200
14700
12100
13400
12900
13600
5800
14200
13100
13700
15400
12700
13100
14600
14100
13600
13100
14000
13300
13400
10700
13600
13200
15000
14700
13800
13700
13700
14500
14600
12500
14400
11500
12500
13800
10900
14400
12200
11900
14200
15400
14200
13000
14100
12400
13900
14500
13800
12200
12600
15400
12300
12500
14600
12200
11200
11600
12900
13900
12800
12500
13200
13800
14900
11000
11900
13200
14000
13800
13800
12200
13700
12100
13200
13500
13400
12300
12400
9900
13300
14200
12800
13600
14100
13100
13200
14700
13500
13800
13900
13400
12600
13300
13000
12800
12800
13800
13500
14100
13300
14200
15500
14400
13600
14200
14600
13200
11700
13300
14600
13200
7700
13400
13000
14700
12500
12900
13800
13900
12800
9500
14200
13900
12500
14900
9900
13000
14400
13000
14200
13200
13500
13000
14400
13500
13500
12300
12200
13800
2800
13100
13600
13300
13300
13000
13600
13300
13400
12800
12900
14100
12800
12800
13100
14100
13900
13800
13400
12000
12900
13600
14700
13700
13400
12600
12700
12800
13300
14300
13500
13100
13200
12700
13900
14600
13100
13900
14300
13300
14000
13800
