0
-12.963500000000002
-13.494
-15.995500000000002
-9.834
-15.330999999999994
-10.527499999999998
-10.153
-11.191500000000001
-5.034
-8.956
-9.480500000000003
-8.985
-9.7065
-9.482999999999997
-12.681500000000005
-10.966000000000001
-9.994499999999999
-9.8995
-12.287500000000005
-9.999999999999998
-8.8975
-7.6305
-7.2465
-8.930500000000002
-11.802500000000004
-10.814499999999997
-8.513500000000002
-9.551
-8.4085
-11.903499999999998
-15.424000000000007
-12.48200000000001
-7.680000000000002
-9.7875
-14.826500000000005
-7.6899999999999995
-8.2275
-14.118500000000001
-8.603000000000002
-11.789499999999997
-8.168
-15.122000000000003
-8.409
-12.827499999999997
-12.542000000000002
-6.817999999999999
-8.0745
-13.415499999999998
-11.591
-17.569500000000005
-10.028000000000002
-18.383999999999997
-20.539
-10.903500000000001
-8.424500000000002
-7.9085
-8.173000000000002
-8.337500000000002
-10.3955
-11.406500000000001
-8.993500000000001
-8.754
-14.8155
-13.641
-13.764500000000002
-10.002999999999998
-11.6235
-12.5315
-18.893000000000004
-7.428500000000002
-12.503000000000002
-11.033499999999998
-12.111500000000003
-10.778000000000004
-10.797499999999998
-10.225
-13.890500000000003
-8.0905
-15.559500000000005
-13.834499999999997
-8.805
-11.171000000000001
-14.541000000000002
-12.125500000000002
-10.584500000000002
-12.155000000000001
-12.995499999999998
-20.823499999999996
-11.228499999999999
-11.838000000000001
-9.9565
-12.742000000000003
-9.4745
-9.533000000000001
-7.4830000000000005
-17.979499999999998
-13.507999999999997
-24.250999999999998
-8.561499999999999
-10.837500000000002
-7.560500000000001
-9.079500000000001
-14.597499999999995
-13.381
-15.366499999999997
-10.440000000000001
-11.573500000000003
-13.17
-11.974000000000002
-13.551999999999994
-10.033
-10.486500000000003
-9.932
-17.098
-13.301499999999999
-9.462000000000002
-7.883000000000002
-11.944499999999998
-10.802999999999999
-8.3335
-13.614500000000003
-12.83799999999999
-8.166500000000001
-9.036999999999999
-9.4765
-9.873
-9.354000000000003
-11.028
-8.1805
-10.2235
-7.192500000000001
-8.614500000000001
-9.7315
-12.082500000000001
-10.392999999999997
-8.521999999999998
-11.750000000000005
-11.237499999999995
-11.822000000000008
-10.4035
-13.664500000000002
-12.250500000000002
-7.544999999999999
-8.191500000000003
-10.102500000000003
-6.764
-17.355000000000004
-9.014
-12.0345
-8.410499999999999
-11.071
-14.494
-9.236000000000002
-14.439999999999992
-12.902500000000003
-14.420500000000004
-12.427000000000001
-11.248
-8.831999999999999
-8.7265
-8.582500000000001
-12.577500000000002
-10.6105
-8.4405
-13.7405
-10.008500000000002
-8.6475
-10.859999999999996
-10.0055
-10.921000000000001
-11.351500000000003
-11.284500000000005
-14.170500000000002
-9.817499999999999
-13.436
-11.398000000000003
-15.336500000000006
-13.723500000000001
-10.8415
-10.203000000000003
-8.135
-12.867500000000003
-9.974000000000004
-9.585500000000001
-10.951
-10.772499999999997
-19.262499999999996
-11.5655
-14.731000000000003
-10.733500000000003
-11.863499999999998
-7.832499999999999
-10.1845
-14.1015
-7.856000000000002
-7.523500000000002
-11.921000000000005
-9.1295
-8.3845
-10.645499999999997
-7.6484999999999985
-10.639499999999998
-12.546499999999996
-16.6455
-16.432000000000002
-9.494000000000003
-11.198999999999998
-10.163000000000004
-9.050499999999998
-12.021999999999997
-9.547500000000001
-15.230000000000006
-8.420499999999997
-19.587999999999997
-12.691
-12.681000000000001
-13.911000000000001
-11.258500000000002
-16.171000000000006
-10.171500000000002
-14.821000000000009
-10.988000000000003
-10.743499999999997
-10.3215
-7.484
-10.018
-10.995500000000002
-9.9765
-9.568499999999998
-12.2555
-10.303500000000001
-11.097500000000002
-14.498000000000003
-10.979500000000002
-8.964000000000002
-11.0655
-7.8945
-10.513500000000002
-7.253500000000001
-9.905999999999999
-13.835500000000001
-15.740999999999998
-8.3385
-9.643999999999998
-8.407
-13.598500000000003
-13.562499999999998
-9.711500000000001
-17.2725
-10.466000000000001
-11.600499999999998
-12.123
-13.105000000000002
-7.956499999999998
-8.187500000000002
-9.929000000000004
-27.741
-12.301999999999998
-14.595499999999998
-8.745999999999999
-10.427999999999999
-16.624499999999998
-10.025500000000001
-10.871000000000002
-11.773500000000002
-13.984999999999996
-9.5745
-13.505
-8.183499999999999
-16.632000000000005
-10.371
-8.9955
-12.518500000000003
-13.931500000000003
-15.777
-13.317999999999998
-14.862999999999998
-8.483500000000001
-14.463000000000001
-12.494499999999997
-13.207500000000005
-8.748
-12.457500000000001
-11.572000000000003
-13.599
-18.361500000000003
-10.008000000000001
-12.826999999999998
-12.316500000000001
-14.151999999999997
-10.364000000000004
-8.152500000000002
-10.142500000000002
-9.9675
-21.866500000000013
-12.454999999999998
-8.5535
-10.203000000000003
-13.300500000000003
-14.190000000000005
-11.7485
-14.0925
-11.808
-9.585999999999999
-9.281000000000002
-13.052999999999995
-8.523
-16.160500000000006
-9.286
-18.030000000000005
-10.358
-8.575499999999998
-10.555499999999999
-15.859000000000002
-12.461500000000001
-10.3205
-11.562
-16.756
-8.445500000000003
-17.352999999999998
-8.75
-9.258
-11.3695
-18.71600000000001
-8.892999999999999
-12.894500000000004
-16.113500000000002
-9.3275
-11.208500000000003
-7.903500000000001
-14.548499999999999
-10.457500000000003
-8.0445
-11.891
-13.507
-9.673
-11.375
-13.774499999999998
-10.027000000000001
-9.4935
-11.079
-12.956499999999995
-16.5915
-15.437500000000005
-11.558499999999999
-11.896
-8.858
-9.260000000000002
-7.8905
-9.682500000000001
-12.438
-11.207000000000003
-10.927000000000001
-7.990999999999999
-9.669000000000002
-7.9540000000000015
-14.579500000000001
-11.138000000000003
-15.0185
-14.990499999999997
-8.5715
-9.725
-10.6265
-11.790000000000004
-8.982
-12.130499999999996
-11.475500000000002
-13.057500000000006
-7.0855000000000015
-10.1485
-8.0735
-13.913500000000003
-12.0795
-9.941500000000001
-10.6045
-12.52
-17.2915
-9.642500000000002
-7.24
-7.487500000000002
-9.506
-6.926500000000001
-11.247
-10.4815
-9.1295
-12.837
-9.790000000000001
-11.330499999999997
-9.202999999999998
-10.629999999999999
-12.509000000000004
-10.731
-15.1935
-7.4075
-9.5965
-9.285000000000004
-10.4635
-14.2955
-11.6465
-15.2805
-19.444
-12.2115
-13.940499999999998
-6.764500000000002
-9.125999999999998
-10.0605
-10.798499999999995
-13.832000000000004
-10.322000000000001
-10.117999999999999
-7.511
-11.833
-12.805
-14.776000000000002
-11.499999999999998
-15.325000000000005
-9.441500000000001
-10.154000000000002
-11.042000000000005
-7.482
-18.078000000000007
-12.759499999999997
-8.4835
-8.887
-16.1375
-11.072000000000001
-12.364499999999998
-11.574499999999997
-16.242499999999996
-8.755
-17.42500000000001
-11.561499999999999
-12.424000000000005
-12.326500000000003
-13.784000000000006
-23.805500000000002
-9.099499999999997
-10.537
-13.088500000000003
-8.742999999999999
-12.169500000000005
-9.346500000000004
-8.4165
-11.923500000000004
-11.883500000000002
-10.474500000000003
-13.392499999999997
-10.494
-12.346500000000002
-14.013500000000006
-12.593
-15.736999999999998
-11.582999999999998
-10.652499999999996
-12.559999999999997
-13.5725
-9.457999999999998
-11.252499999999998
-7.385000000000002
-8.855500000000001
-15.945999999999998
-12.910499999999999
-12.056500000000002
-8.817
-10.717
-14.855500000000006
-9.302999999999999
-16.146000000000004
-12.505000000000003
-9.492999999999999
-11.988999999999999
-17.855500000000003
-16.0065
-11.1365
-8.381999999999998
-13.771500000000001
-10.346500000000004
-10.393
-9.012999999999998
-11.994499999999999
-8.822000000000003
-14.675500000000005
-9.914500000000002
-9.044500000000001
-7.466499999999999
-14.484000000000002
-10.834
-20.053000000000004
-18.468
-9.431999999999999
-15.3905
-9.327499999999999
-9.073999999999998
-11.955000000000004
-11.025999999999998
-14.433500000000008
-22.262999999999998
-10.997500000000006
-6.385
-10.709000000000001
-17.5965
-12.193999999999996
-9.5395
-10.419500000000001
-13.743
-10.771999999999995
-12.399000000000004
-13.124500000000001
-11.926999999999996
-15.378000000000005
-12.8255
-15.395500000000002
-10.427999999999997
-12.211000000000004
-11.933499999999999
-12.085499999999998
-11.753
-16.282000000000004
-9.334499999999998
-16.6025
-8.386000000000001
-10.376499999999997
-19.6755
-11.498500000000002
-9.568000000000003
-9.683000000000002
-20.863500000000016
-8.4705
-13.348999999999998
-11.863500000000002
-7.975
-8.334
-9.090999999999998
-11.924499999999998
-12.4225
-18.357499999999998
-10.111999999999998
-10.508000000000003
-11.479499999999998
-9.028500000000001
-9.1875
-11.324499999999999
-11.910499999999997
-11.8545
-15.688999999999993
-12.517000000000001
-15.616999999999997
-12.170999999999996
-13.895999999999997
-12.097999999999999
-11.4325
-7.175500000000001
-10.384500000000001
-8.782
-12.493000000000002
-12.132999999999997
-13.844500000000005
-12.416000000000002
-14.700500000000002
-10.074499999999999
-22.332000000000004
-8.325499999999998
-9.408499999999998
-8.694499999999998
-17.00949999999999
-11.066000000000003
-6.982500000000002
-12.912000000000003
-10.123000000000001
-9.9215
-10.359
-10.395000000000003
-14.6375
-11.2485
-10.915
-19.951000000000008
-21.87700000000001
-13.248499999999998
-11.544500000000001
-12.919999999999996
-8.6095
-14.9655
-13.922999999999998
-10.0845
-10.900500000000003
-14.416000000000007
-12.060000000000004
-10.284500000000003
-11.447
-17.044499999999996
-13.9245
-11.796
-12.803500000000003
-10.904499999999997
-14.051
-12.6285
-9.352000000000002
-6.822000000000001
-9.672999999999998
-13.863
-13.580499999999999
-8.2915
-13.916000000000002
-10.510999999999997
-10.547999999999998
-10.128499999999999
-10.1115
-12.065499999999997
-10.764999999999997
-20.018000000000008
-9.2495
-12.906999999999991
-7.755999999999999
-10.050999999999998
-11.907999999999998
-15.595500000000005
-15.059000000000001
-13.0325
-9.818500000000002
-12.881000000000004
-10.790000000000001
-11.759
-10.024000000000001
-8.779
-10.7645
-12.6925
-11.9495
-8.158500000000002
-7.895500000000001
-11.106499999999997
-19.157
-12.5715
-15.2995
-8.061000000000002
-18.78649999999999
-8.496000000000002
-12.479500000000003
-10.251500000000002
-21.506999999999994
-11.418499999999995
-18.86049999999999
-12.794
-8.955999999999998
-12.061999999999994
-23.913500000000003
-8.096
-9.232
-9.277000000000001
-8.5515
-14.11
-9.667500000000002
-15.753999999999998
-11.839500000000001
-14.308499999999997
-15.638499999999995
-11.129500000000004
-18.825000000000014
-15.659000000000002
-14.172000000000002
-14.590999999999998
-8.587
-12.277999999999995
-13.171
-13.423000000000002
-8.415
-17.89950000000001
-14.416000000000002
-25.7245
-19.827
-16.623
-10.391000000000002
-13.760000000000003
-14.200999999999999
-13.041500000000003
-12.8785
-13.46
-16.63799999999999
-16.626000000000005
-10.770999999999997
-9.4635
-15.327999999999998
-16.97350000000001
-13.922500000000003
-9.024
-12.331
-15.535999999999998
-13.978999999999997
-21.21300000000001
-11.316499999999996
-11.186000000000003
-26.209000000000007
-12.9945
-7.544
-9.893
-14.255500000000001
-26.890000000000022
-9.455
-11.976999999999995
-17.587999999999994
-14.344
-13.951
-12.2415
-11.0785
-11.383000000000001
-15.486500000000005
-14.793500000000003
-10.124
-8.968499999999999
-15.642499999999998
-8.168499999999998
-13.557499999999997
-13.975000000000001
-16.983999999999998
-14.572999999999999
-9.881499999999999
-8.701
-11.105499999999996
-10.970000000000002
-11.4095
-9.735500000000004
-12.0805
-11.364999999999997
-18.288999999999998
-13.171499999999998
-8.543500000000002
-14.703000000000005
-9.133
-9.241000000000001
-9.738000000000003
-10.528500000000001
-9.428000000000003
-11.274499999999996
-21.104500000000005
-17.984500000000004
-11.908000000000003
-11.74
-12.853000000000003
-11.913999999999998
-11.892499999999998
-18.533499999999993
-11.860000000000005
-12.9805
-12.925
-11.983999999999995
-7.1765
-13.605000000000002
-10.4065
-10.918500000000003
-17.348000000000003
-13.375499999999997
-13.314500000000006
-14.286499999999998
-9.991999999999999
-12.4295
-19.269500000000004
-15.348999999999997
-15.522
-11.182500000000003
-10.732000000000001
-16.230999999999995
-16.226
-12.309500000000002
-13.453
-15.728500000000002
-20.267499999999995
-18.559500000000003
-10.581
-8.690000000000003
-12.528000000000002
-12.051500000000003
-9.901
-16.738
-10.096499999999999
-16.300000000000004
-9.954
-10.295000000000003
-11.717500000000003
-8.291500000000001
-12.247000000000003
-11.4415
-9.71
-11.5105
-13.685999999999996
-11.813500000000003
-16.279500000000006
-12.113
-8.658000000000001
-20.374
-10.1145
-17.307999999999996
-9.662999999999998
-7.618
-10.786999999999995
-22.072999999999997
-15.368999999999996
-13.540500000000007
-9.639500000000002
-11.615500000000003
-6.905
-11.219000000000001
-23.323500000000003
-20.494500000000006
-12.689
-18.529
-12.586000000000004
-16.713500000000003
-11.631499999999996
-19.718000000000004
-10.756000000000002
-12.7835
-11.439500000000002
-21.162000000000006
-11.700999999999999
-18.311000000000003
-13.774000000000004
-14.520000000000001
-11.860499999999995
-9.0265
-11.529999999999998
-8.681000000000001
-13.3145
-9.545500000000004
-9.637500000000001
-10.5265
-13.991999999999997
-8.6055
-13.658499999999997
-13.848000000000003
-40.672
-26.500499999999985
-7.7425
-16.065500000000007
-9.5395
-15.579499999999998
-9.0
-15.5965
-11.037999999999998
-11.345999999999998
-13.666000000000006
-11.046500000000004
-14.4245
-11.454500000000001
-15.416499999999992
-20.35699999999999
-13.4055
-12.028999999999996
-12.851500000000005
-10.045
-18.824500000000004
-13.278500000000003
-9.017500000000004
-7.9559999999999995
-21.2415
-13.857000000000001
-11.2505
-11.524000000000003
-10.821000000000003
-9.489
-11.151000000000002
-10.829999999999998
-11.192500000000004
-10.158000000000001
-9.528499999999998
-8.265
-11.766499999999999
-17.07
-16.476000000000003
-20.10449999999999
-25.451500000000003
-11.057999999999996
-12.508999999999997
-14.956000000000007
-15.331499999999998
-12.528500000000001
-8.472
-10.2525
-10.7105
-11.808499999999999
-13.753499999999999
-11.867999999999999
-13.370999999999999
-12.143500000000003
-13.1895
-10.4815
-21.47200000000001
-13.1435
-9.451500000000001
-11.000000000000002
-16.360500000000002
-8.898999999999997
-26.726499999999994
-10.450000000000001
-13.566999999999998
-15.888499999999993
-9.429499999999999
-9.215500000000002
-11.854999999999999
-17.795000000000005
-9.856000000000003
-10.664
-18.387000000000004
-14.487500000000004
-16.987499999999997
-21.3155
-11.040499999999996
-10.966500000000003
-14.3185
-10.198
-13.571999999999997
-14.7855
-16.087
-13.475000000000001
-13.380000000000003
-15.032500000000004
-14.973500000000001
-11.535500000000004
-10.626000000000001
-7.9865
-17.1135
-17.3235
-9.405000000000001
-14.293000000000001
-8.3295
-17.7255
-10.137500000000001
-13.173500000000002
-20.571
-24.197500000000005
-21.346000000000014
-17.43
-14.217000000000006
-21.175000000000008
-11.695000000000004
-11.8415
-20.251000000000005
-8.4575
-13.900500000000003
-9.964
-9.701000000000002
-10.876999999999999
-9.3305
-14.884000000000002
-10.575000000000003
-14.6875
-15.320499999999997
-9.936000000000002
-13.644500000000004
-27.18350000000001
-24.470000000000002
-15.519000000000005
-11.392500000000002
-10.807000000000002
-14.356999999999998
-18.958999999999996
-14.340000000000005
-12.767000000000001
-12.122000000000002
-11.968000000000002
-17.9365
-13.163999999999994
-13.208500000000006
-15.812999999999995
-17.664999999999996
-12.301999999999998
-21.466500000000003
-10.295499999999999
-16.075499999999998
-10.407000000000004
-13.3345
-9.026000000000002
-16.0905
-24.614000000000008
-15.7995
-10.928500000000001
-9.118500000000001
-11.525999999999998
-16.769999999999996
-17.380999999999997
-18.55550000000001
-9.243
-19.999000000000002
-14.426
-12.208
-14.407000000000005
-16.048000000000002
-14.793000000000001
-14.389500000000005
-9.337000000000002
-21.4805
-12.7865
-12.702999999999996
-12.084000000000003
-14.591000000000001
-11.751999999999999
-15.676500000000006
-11.581
-14.9565
-17.451500000000003
-21.24450000000001
-12.442999999999996
-11.410499999999999
-12.788999999999998
-15.385499999999997
-12.097999999999997
-11.194999999999999
-16.679999999999996
-11.744500000000004
-20.499000000000002
-14.305999999999997
-14.425000000000004
-9.540500000000002
-20.401999999999994
-18.939500000000006
-27.549499999999995
-27.20349999999999
-11.576500000000001
-13.459000000000001
-14.671500000000002
-11.009500000000001
-20.271999999999988
-16.877499999999998
-12.601000000000003
-14.948000000000004
-17.173500000000008
-25.353999999999992
-11.386499999999998
-14.322500000000003
-19.869999999999994
-11.972000000000005
-10.795
-12.579500000000001
-16.454999999999995
-16.50999999999999
-9.217500000000003
-12.196499999999997
-13.730500000000001
-17.7475
-15.814000000000002
-15.134999999999998
-8.488
-16.627500000000005
-16.3825
-10.107500000000002
-10.2315
-14.422
-19.563
-11.676499999999997
-13.676500000000008
-10.1725
-12.278500000000005
-17.309
-13.7175
-14.9625
-12.622499999999995
-16.983500000000003
-15.554000000000004
-13.504000000000001
-16.161
-12.550499999999998
-14.365500000000006
-30.389999999999997
-16.53950000000001
-12.700499999999998
-10.575499999999995
-15.447
-13.657499999999999
-11.750000000000004
-14.712499999999997
-25.02449999999999
-11.611500000000001
-12.494
-8.984000000000002
-8.9985
-21.532500000000017
-12.823500000000003
-17.8245
-14.477000000000002
-21.803000000000004
-19.815000000000005
-12.590500000000004
-12.094999999999999
-27.41749999999998
-13.277000000000001
-24.10300000000001
-15.280500000000002
-9.249500000000001
-17.013999999999996
-9.802
-12.148000000000001
-13.894999999999998
-13.526000000000005
-15.983499999999994
-10.641000000000004
-15.213499999999996
