0
2100
2100
3400
800
3400
800
1700
800
-500
200
1000
700
500
700
1900
1600
1200
1500
2100
900
500
-100
300
600
1900
1800
1400
600
500
1400
3200
2500
200
700
3100
1100
100
2200
500
2000
500
1600
1100
2700
1700
-200
1100
1400
1200
3200
900
3300
2900
1900
100
800
600
300
1100
1600
2100
700
2600
1500
2000
1500
1300
1600
3600
-200
2800
900
1400
2200
1000
900
2900
200
2600
3500
1700
1800
3400
1500
2500
2400
2200
6000
2400
1600
1500
1200
900
700
100
4800
1600
5600
1000
500
100
600
2500
2300
2600
1400
900
2400
1600
1500
1000
900
1100
4400
3300
900
0
1700
1800
200
2000
900
500
300
1100
1500
1000
2100
300
600
400
1000
1200
1800
700
700
2100
1500
1200
1600
3100
1500
100
900
1200
300
4200
800
1500
400
1400
2200
500
3200
1600
3100
2000
1200
800
900
500
1700
1300
200
3300
2200
200
1000
1500
1900
1900
1400
1900
800
1400
1600
3800
1600
1200
4000
300
3200
700
1300
1100
1700
3500
900
2500
1400
1600
100
700
2300
900
500
1800
1200
600
1200
500
1200
2200
4400
2800
1400
2700
400
700
1600
1600
3300
-100
3900
1600
1900
2900
2700
3300
700
1900
1600
700
1100
300
300
1400
900
300
3400
1000
1500
2000
1000
600
1300
0
2200
900
900
2100
3100
700
2000
200
2700
2200
1300
2000
300
1600
1900
900
900
-100
1000
6800
1500
2400
300
1400
3600
300
1800
1300
1800
900
2200
400
3100
900
400
2500
2300
4200
1900
2600
2100
2600
1500
2300
900
1600
800
1600
3900
1000
2800
1500
1600
1100
600
2400
500
4700
1700
600
2200
1600
2500
1700
3300
1200
900
100
2200
1300
4300
700
4000
1600
300
1200
2900
1400
1000
1500
2700
200
3100
600
1200
2800
3000
600
2000
2800
800
1700
100
2700
800
2000
2400
1800
1800
1400
2700
1400
1300
1500
2600
2500
2200
1700
1100
1000
1300
400
1500
2200
1100
1300
0
2800
500
2000
1100
3200
2700
500
600
1400
2300
200
2000
1300
3300
300
700
1900
2800
1900
300
500
1800
2900
1200
100
500
900
200
1500
800
800
1700
800
900
900
1500
1200
1800
2400
400
1100
700
600
2100
1200
2900
5100
2400
3500
900
800
900
1100
1900
700
2600
100
1500
2000
2700
1000
2700
500
900
1600
100
6100
1200
200
600
2500
2200
2400
1100
3400
900
3000
1600
1900
2500
2300
5800
1300
1400
2100
800
1800
900
100
1800
2200
1500
2900
1300
900
2200
2100
4900
1300
1100
1300
1700
300
2300
0
700
1900
2300
1700
200
500
2300
400
2700
1600
1000
1100
4800
2400
1400
700
2000
600
500
1100
1900
500
3700
2800
1700
300
2600
900
3800
2900
500
2800
1100
600
2900
1600
3400
5200
2000
100
2300
4000
1700
1500
900
2500
1800
2300
5600
1400
3300
1900
4200
1400
1900
3300
1300
1200
2800
700
3700
1000
2300
3000
2300
700
1300
3000
700
3000
1100
300
400
800
1400
2400
5200
900
1200
2200
1100
1100
2100
1800
2800
2300
1500
3000
1600
3600
2100
1300
300
1000
600
1300
1300
2200
1700
3600
1400
4400
700
1500
800
2400
1600
0
2100
600
1000
700
1100
2300
900
800
5300
3600
2900
1600
1700
500
3600
2300
1200
1200
3600
1400
1400
2700
4100
2600
2500
3300
1300
5400
1300
1600
100
900
2700
3600
1600
2400
800
900
1900
500
1400
1500
3500
1100
2300
100
800
1900
3300
3300
2800
1000
3700
1100
1400
1300
0
1000
4600
1000
400
500
1100
4600
1400
3000
400
3500
300
1200
600
3700
3100
3800
2500
700
1500
7400
1100
700
800
800
1600
1000
3300
1400
2900
4100
900
4400
3800
2300
2700
1300
2700
2100
1500
1300
3500
3000
6700
4800
3000
1000
2000
3700
4500
2300
2700
2100
3400
700
400
3900
3200
2600
1000
2300
3300
2300
3800
1300
1800
6300
1700
100
1200
4400
6200
1300
1500
4800
4100
2600
900
1100
1000
2600
3600
500
1200
1800
500
2500
2600
3600
2300
1100
600
1600
1400
1700
1500
2000
1800
3100
1500
500
3200
1100
400
2100
500
1800
1200
4600
3600
1400
1300
3100
800
2400
3500
1200
1600
1600
2000
900
1800
900
1600
4600
3200
4600
2600
1300
3000
3100
3400
3100
1800
500
3100
3400
3300
1300
3800
4100
3900
1800
700
2200
1700
700
3200
2200
3100
1200
2600
1700
500
800
2100
1000
1200
2700
1700
6000
2600
900
3900
1000
3400
1400
200
1100
4500
2500
3300
400
2000
700
1600
3600
5600
2800
2800
2700
3400
2800
5300
1400
1600
3500
5100
2100
4100
2800
1900
2900
400
2900
1200
1700
1200
600
1600
2500
800
2100
3300
10200
8200
100
4000
1300
3200
1800
2900
3600
1100
2300
2200
3500
3700
3400
4100
1700
2300
2600
900
3300
1700
300
500
4900
2600
3200
2100
500
1200
1400
600
1000
700
1200
500
1700
3700
2700
6900
5400
2300
1400
4600
4000
2200
700
600
1700
1400
2300
2300
1800
1800
1300
2300
4900
2100
1100
1700
3900
700
6800
1300
1500
2500
1000
1000
1900
3100
1500
1200
3900
3100
3100
3800
2000
1800
2900
900
1300
2300
2300
2800
3600
4000
3900
2900
900
400
3900
3000
900
3000
200
4000
1500
1800
4800
6700
5000
3000
2700
4800
1600
3500
4400
200
2000
1300
700
1300
900
3700
1600
3100
2400
1600
1500
7100
5600
2500
2200
1500
2000
4900
4300
1900
1400
1800
4600
1900
2000
3400
5100
2700
6200
1100
3300
3900
2800
1100
3900
5300
2300
2200
1600
1800
2900
3300
4800
1100
4600
2400
1500
3400
2400
3200
2200
1300
4700
1100
1300
2800
3400
1400
2900
1400
2100
5100
4200
3000
1200
3200
2400
3000
1400
4400
1600
5800
2300
2200
700
5000
4300
6200
8000
3100
2100
2500
1400
4600
4600
1400
3000
3200
5800
2600
2100
5200
2200
1000
1700
5300
3000
1500
2700
2500
5600
4200
3100
700
4800
4300
1200
1000
2400
2700
1500
3200
1000
1300
3800
3800
2500
1400
2600
2200
2300
2300
2400
2900
8200
4100
3700
1000
3000
2000
1800
1800
6200
1700
2700
800
500
5500
4500
4100
2700
6100
6300
2600
1300
7500
3100
5000
2500
1800
2900
1400
2700
4000
3600
2500
1800
1900
