0
-28.489000000000015
-24.736500000000007
-28.689999999999998
-25.547500000000003
-27.611499999999996
-18.846499999999992
-15.292500000000004
-22.427500000000002
-21.805500000000016
-24.186000000000003
-26.048999999999996
-27.158500000000014
-15.965499999999995
-20.848500000000005
-26.44500000000003
-22.65149999999999
-24.332000000000008
-18.105500000000003
-18.59250000000001
-19.182500000000005
-18.904999999999994
-17.287000000000013
-30.52499999999999
-29.382000000000012
-24.16200000000001
-29.91700000000001
-16.48999999999998
-26.208000000000013
-16.96500000000001
-23.105000000000008
-24.969499999999996
-20.085500000000017
-27.293999999999986
-15.80400000000001
-18.426000000000002
-19.005499999999994
-20.28800000000001
-21.51150000000002
-43.68299999999996
-19.36350000000001
-29.519999999999992
-31.52099999999999
-21.60050000000001
-23.491000000000007
-25.40150000000001
-24.141999999999992
-25.168500000000005
-17.926
-33.40300000000001
-28.183999999999966
-17.519000000000005
-21.362500000000033
-27.931500000000014
-28.169999999999998
-19.742500000000007
-24.0555
-25.235999999999994
-9.795500000000008
-24.61050000000001
-19.534000000000006
-17.979499999999987
-27.09600000000004
-18.839000000000006
-17.0955
-22.964499999999994
-20.42000000000001
-23.62549999999999
-17.076999999999998
-28.30949999999999
-19.05100000000001
-28.486500000000007
-27.197000000000017
-17.231000000000005
-28.561499999999985
-23.387500000000006
-15.629
-18.284000000000002
-25.293999999999993
-29.6035
-25.521999999999995
-23.093500000000006
-19.562500000000007
-27.18350000000001
-30.72150000000001
-27.063500000000023
-28.189499999999995
-25.806999999999995
-34.87249999999999
-17.38500000000001
-22.132500000000004
-18.30850000000001
-22.7625
-19.940500000000025
-17.799999999999994
-24.912
-22.641500000000008
-10.966
-24.54399999999999
-23.583000000000013
-42.71899999999999
-31.462999999999994
-27.629
-20.092500000000015
-25.921500000000005
-13.020500000000004
-18.757500000000007
-31.188999999999986
-21.49949999999999
-18.540000000000003
-15.091000000000005
-21.316
-18.490000000000016
-18.919500000000017
-18.724500000000003
-21.457500000000014
-24.943999999999978
-18.417500000000004
-17.386000000000013
-39.821000000000005
-29.382500000000014
-21.30200000000002
-26.473000000000006
-18.19900000000001
-20.436000000000014
-22.635500000000008
-25.194999999999993
-33.31
-20.986999999999995
-21.24249999999999
-17.466
-18.032000000000018
-19.257000000000012
-26.392999999999997
-19.579499999999992
-19.782999999999998
-22.87400000000001
-23.003500000000006
-23.7495
-19.131500000000006
-29.932999999999986
-21.948500000000006
-32.51250000000002
-27.01499999999999
-35.86600000000002
-26.779999999999994
-20.276
-24.52700000000001
-25.468999999999994
-22.431
-19.299500000000005
-21.611
-18.442999999999998
-21.704500000000003
-22.474
-23.564500000000002
-18.42600000000002
-20.34450000000002
-20.131999999999994
-21.608499999999996
-30.560999999999996
-24.2375
-19.96599999999999
-19.061500000000006
-29.390499999999996
-31.98100000000001
-17.01350000000001
-18.462000000000003
-36.83149999999996
-19.99899999999999
-14.813999999999995
-22.964500000000008
-22.6535
-18.65299999999999
-18.67500000000001
-30.5945
-21.661500000000004
-18.346500000000006
-18.458000000000016
-23.05799999999999
-17.68500000000001
-17.67850000000001
-18.69250000000001
-18.546000000000003
-15.6495
-21.433500000000013
-16.432500000000005
-29.19150000000001
-17.0905
-27.313
-15.511499999999993
-23.063000000000002
-29.65199999999999
-18.359999999999996
-19.129000000000012
-26.33499999999999
-13.643999999999998
-20.90900000000001
-20.276500000000006
-13.913500000000004
-18.447500000000005
-22.140000000000004
-18.335500000000014
-34.467
-29.5885
-19.58200000000001
-18.108500000000014
-26.41700000000002
-16.163999999999994
-21.1995
-23.593500000000006
-15.7935
-16.970000000000006
-21.195999999999987
-22.32949999999999
-35.542000000000016
-14.518500000000014
-36.40699999999998
-44.12750000000002
-18.72749999999999
-21.003000000000014
-21.24150000000001
-17.76099999999999
-27.762499999999985
-28.21650000000002
-19.203500000000005
-20.121500000000005
-33.380500000000005
-21.073500000000003
-12.616
-24.01749999999999
-31.697500000000005
-21.851499999999994
-16.108
-20.30600000000002
-16.384500000000006
-18.190499999999993
-24.14299999999998
-30.418999999999993
-29.518499999999996
-19.2595
-22.36150000000001
-17.365000000000002
-17.669000000000004
-17.379500000000007
-22.44600000000001
-32.261499999999984
-28.288500000000017
-24.014500000000023
-27.192500000000003
-16.30000000000001
-22.081000000000003
-19.247500000000016
-35.377500000000005
-21.5095
-24.835
-19.994499999999995
-16.986000000000004
-20.5045
-18.30850000000001
-24.18649999999998
-18.088999999999995
-19.9465
-28.51399999999999
-18.013500000000008
-17.42100000000001
-26.40149999999999
-20.310000000000002
-19.063999999999997
-27.946000000000012
-16.000000000000014
-25.034000000000002
-37.196500000000015
-17.23750000000001
-18.634999999999987
-33.866000000000014
-19.339
-20.398500000000002
-23.159500000000026
-18.29050000000002
-20.458
-19.55200000000002
-18.3235
-22.05850000000001
-14.716000000000006
-30.12450000000001
-18.362999999999996
-24.902000000000022
-20.52500000000001
-26.929000000000006
-16.241999999999997
-22.65750000000002
-19.256000000000004
-24.179999999999993
-28.159499999999994
-24.309
-26.732500000000005
-19.966500000000014
-18.7785
-15.704000000000017
-29.425
-21.035000000000004
-24.401500000000013
-31.374
-16.0505
-18.020500000000002
-15.577500000000013
-31.812999999999988
-18.544500000000014
-24.55950000000003
-25.003500000000003
-29.33099999999999
-19.395999999999994
-28.6135
-19.6755
-20.799499999999988
-19.57299999999999
-20.857
-23.442999999999994
-23.018999999999984
-19.960499999999996
-25.301500000000008
-19.198499999999996
-37.03500000000001
-18.378500000000003
-31.147
-16.959500000000013
-19.255499999999987
-23.395000000000014
-14.12650000000001
-24.311500000000002
-21.095999999999997
-20.1515
-17.35799999999999
-29.43349999999999
-20.394
-19.089500000000005
-19.099000000000007
-26.128000000000007
-22.746499999999997
-16.121000000000002
-34.51999999999998
-24.205999999999996
-22.697500000000037
-23.419500000000003
-31.355999999999987
-22.11100000000002
-27.728000000000005
-20.361000000000004
-17.409000000000006
-18.919500000000006
-28.252999999999993
-26.843500000000006
-22.810999999999996
-21.798999999999992
-24.01949999999998
-21.466000000000033
-37.4495
-18.73100000000001
-18.69149999999999
-37.947999999999986
-28.618499999999983
-18.80349999999999
-21.606
-32.7795
-21.530999999999988
-19.276000000000007
-18.041999999999998
-16.979999999999997
-15.6765
-20.835500000000003
-16.766999999999996
-25.269000000000002
-26.114500000000014
-19.909999999999993
-14.8725
-23.75900000000001
-20.24349999999999
-31.96
-16.303999999999995
-17.511499999999998
-25.641499999999997
-17.8745
-34.096
-30.703500000000005
-29.331499999999995
-18.610500000000005
-36.40600000000001
-22.658499999999997
-19.38850000000001
-30.322000000000006
-27.764999999999993
-19.56349999999999
-20.82899999999999
-30.776000000000025
-27.274500000000007
-20.31349999999999
-16.646499999999996
-26.532
-16.006999999999998
-17.906500000000005
-38.78900000000004
-25.371500000000005
-29.34949999999999
-23.120499999999996
-18.399500000000003
-30.391000000000005
-33.279000000000025
-29.713500000000007
-23.758999999999993
-17.750000000000004
-19.172000000000004
-21.850999999999996
-37.09650000000004
-24.47849999999999
-40.457499999999975
-16.853000000000005
-18.61550000000001
-24.317
-19.608000000000008
-16.031999999999982
-18.414
-17.907000000000004
-17.1945
-16.852999999999994
-19.988000000000014
-20.098
-16.28450000000001
-21.352999999999994
-30.76800000000001
-28.03000000000001
-20.727499999999985
-22.110000000000003
-16.766500000000004
-20.12150000000002
-26.4145
-35.064000000000014
-28.31650000000002
-23.53499999999999
-19.10450000000001
-21.75750000000001
-27.30500000000001
-19.41650000000001
-21.15250000000001
-16.407000000000004
-17.838500000000018
-16.903499999999994
-16.342
-25.564500000000006
-15.100000000000009
-30.252000000000002
-27.887000000000015
-23.045500000000022
-35.16850000000002
-23.04300000000001
-19.377999999999993
-23.441000000000003
-20.830000000000002
-21.256000000000004
-37.13599999999999
-19.3775
-14.882000000000001
-5.697000000000001
-19.63100000000001
-35.809500000000035
-27.725499999999997
-16.44
-32.934499999999986
-21.388999999999996
-21.34950000000001
-16.531000000000006
-31.618000000000006
-16.402
-21.50750000000001
-19.81049999999999
-21.0885
-20.549999999999997
-29.76199999999998
-17.551499999999994
-27.063499999999994
-31.524500000000014
-20.069999999999993
-27.68350000000001
-44.048499999999976
-29.87199999999999
-19.53600000000002
-38.552000000000014
-20.894500000000004
-19.092999999999993
-22.618500000000008
-30.290999999999993
-23.405000000000026
-37.20049999999999
-25.85250000000001
-34.54000000000003
-35.924499999999995
-26.13699999999999
-28.40050000000002
-27.881999999999994
-14.96400000000001
-21.144500000000008
-24.455000000000002
-22.549499999999988
-26.043500000000016
-17.173
-23.522499999999994
-40.8395
-19.829000000000015
-27.13799999999997
-23.143500000000007
-26.020499999999988
-20.774499999999986
-26.460000000000008
-29.524000000000015
-20.14800000000001
-15.590499999999995
-21.546500000000027
-24.34450000000001
-33.984000000000016
-26.509499999999992
-24.305000000000014
-28.850499999999997
-17.008000000000013
-22.071499999999993
-25.48200000000001
-16.912000000000006
-17.685499999999987
-22.00699999999999
-23.797499999999996
-26.902000000000015
-20.076500000000003
-17.645500000000002
-22.42300000000001
-17.14099999999999
-8.806999999999999
-25.798499999999997
-26.151499999999977
-18.096000000000018
-17.246
-21.823500000000028
-24.241500000000002
-26.465999999999994
-17.377499999999998
-33.741
-19.180500000000006
-19.80000000000001
-16.621000000000006
-25.620000000000005
-18.5205
-25.957499999999985
-29.44750000000004
-18.87700000000001
-21.539
-22.97600000000001
-19.7385
-38.479499999999994
-30.95449999999999
-19.195000000000004
-26.29800000000001
-20.616999999999997
-18.039499999999993
-18.221000000000007
-26.953500000000005
-19.847499999999997
-26.4875
-19.325499999999998
-20.728999999999996
-18.4675
-29.099500000000003
-39.41349999999999
-38.24750000000001
-17.622500000000006
-16.071500000000015
-17.120000000000005
-26.09399999999999
-19.290500000000005
-19.468499999999988
-16.666499999999992
-21.545499999999993
-25.682499999999997
-21.075000000000003
-23.024000000000008
-21.935999999999986
-21.61250000000001
-17.004500000000004
-25.964000000000006
-22.019000000000005
-17.726000000000006
-22.33650000000001
-18.911000000000005
-23.11350000000001
-31.75699999999998
-10.276500000000002
-24.54349999999999
-18.087500000000013
-14.844999999999999
-28.252
-30.955
-17.01999999999999
-19.302000000000007
-25.704500000000007
-26.154499999999995
-20.909499999999998
-32.966999999999985
-29.154999999999998
-18.781999999999993
-20.661499999999997
-22.032000000000007
-21.172000000000008
-30.143000000000008
-26.526500000000006
-21.088999999999988
-26.375000000000004
-18.182500000000015
-19.5945
-18.602
-21.509500000000003
-18.101
-17.544
-24.407999999999998
-23.310999999999986
-20.179000000000002
-16.20550000000001
-19.485500000000002
-21.34300000000003
-15.885000000000003
-19.622500000000016
-16.425499999999992
-18.113500000000016
-17.239000000000008
-20.288500000000006
-20.622499999999995
-22.052500000000002
-20.454999999999995
-30.411499999999997
-17.839500000000008
-23.78350000000001
-21.48099999999999
-26.791499999999996
-21.678500000000017
-19.41900000000001
-19.62300000000001
-18.491000000000003
-21.52600000000001
-23.879499999999982
-20.373500000000007
-28.46050000000002
-16.869500000000002
-22.9895
-21.638500000000015
-30.283
-42.40600000000001
-23.62249999999999
-35.93649999999999
-34.961500000000015
-34.885000000000005
-25.176999999999985
-21.403499999999987
-29.5035
-19.117000000000004
-19.019000000000005
-19.332500000000007
-21.65550000000003
-18.8495
-28.8635
-17.993000000000002
-41.524499999999975
-13.594000000000005
-18.331
-24.1585
-22.111500000000014
-23.875000000000018
-32.79099999999999
-18.07400000000001
-19.839500000000008
-32.140000000000015
-29.629999999999992
-34.73150000000001
-25.342499999999994
-17.081500000000002
-21.995499999999996
-15.263499999999992
-23.218999999999998
-25.520499999999995
-22.774000000000008
-17.418999999999997
-25.53149999999998
-29.433499999999984
-31.617000000000004
-33.0975
-20.131500000000003
-17.628500000000003
-18.80000000000002
-24.87800000000001
-28.20749999999999
-20.528
-12.408500000000002
-23.67850000000002
-16.7155
-22.94350000000001
-27.981999999999996
-18.119000000000003
-34.04749999999999
-17.666000000000007
-19.36000000000001
-22.35850000000001
-33.442
-34.915499999999994
-16.067000000000004
-30.065500000000014
-33.236500000000014
-20.046000000000006
-20.012500000000003
-33.710499999999996
-26.34750000000001
-23.50650000000001
-20.495500000000003
-30.6965
-28.050999999999995
-22.701
-21.802500000000023
-23.607499999999995
-21.139500000000005
-17.418500000000005
-19.9765
-16.775999999999996
-22.695500000000013
-25.086499999999983
-15.65250000000001
-25.482999999999993
-28.462500000000002
-21.457999999999988
-20.041999999999994
-22.246499999999987
-28.353999999999996
-43.70899999999998
-26.280000000000015
-17.355000000000004
-28.414500000000025
-27.408999999999992
-20.162
-19.396499999999996
-42.234
-44.63200000000002
-30.872500000000002
-19.333499999999997
-15.983999999999995
-17.81150000000001
-24.358000000000004
-17.884000000000004
-22.433999999999997
-20.576999999999984
-21.34849999999999
-26.377500000000012
-26.313000000000006
-21.633499999999994
-29.978499999999997
-26.293000000000013
-21.109000000000012
-24.656999999999993
-36.86449999999997
-19.166000000000007
-24.099000000000018
-18.893999999999995
-19.439999999999998
-23.27400000000001
-23.166000000000004
-18.842
-19.208500000000004
-22.808
-19.215499999999988
-21.170499999999997
-20.00850000000001
-22.90150000000001
-22.500999999999994
-23.404000000000007
-15.994000000000005
-31.55150000000001
-16.849000000000007
-34.46650000000001
-18.915500000000005
-19.486499999999996
-34.03050000000001
-20.779999999999994
-22.622000000000018
-19.328
-23.764500000000016
-21.83150000000001
-26.69299999999999
-28.612500000000026
-27.6845
-33.82200000000001
-23.692999999999994
-18.819499999999998
-18.712500000000002
-17.90550000000001
-29.549999999999997
-17.064999999999998
-19.07549999999999
-36.01950000000002
-23.118000000000006
-22.81849999999999
-17.904500000000017
-16.116500000000006
-33.037500000000016
-16.88450000000001
-17.264500000000005
-29.266499999999983
-21.721000000000018
-28.675499999999992
-17.24499999999999
-32.240999999999985
-29.520999999999997
-26.258499999999973
-16.2695
-28.477000000000007
-22.632499999999993
-30.599500000000003
-19.677000000000017
-25.264499999999995
-18.4315
-21.312000000000012
-17.868000000000013
-17.218500000000017
-15.831499999999998
-21.04950000000002
-25.741000000000003
-17.18399999999999
-21.80649999999999
-26.642999999999994
-16.4295
-21.611500000000017
-19.17450000000002
-33.07799999999999
-17.4435
-28.58149999999999
-20.711000000000002
-23.796499999999998
-29.057500000000005
-29.292000000000023
-24.314000000000007
-21.74700000000003
-28.279000000000003
-20.396500000000014
-20.7925
-20.581000000000024
-30.45400000000002
-22.923500000000004
-18.29300000000001
-24.221
-14.868500000000004
-26.432000000000013
-35.681
-18.243000000000016
-16.899000000000008
-15.144500000000003
-17.165000000000006
-28.614500000000017
-18.143999999999995
-23.87600000000001
-14.683000000000012
-14.722000000000007
-22.49500000000001
-23.1025
-17.15800000000001
-31.286999999999992
-17.2435
-24.56999999999999
-20.503500000000024
-21.069499999999998
-19.302000000000017
-22.04500000000001
-15.832500000000001
-17.0015
-22.422500000000007
-20.4475
-26.775999999999993
-26.225500000000025
-22.933500000000013
-21.257999999999992
-23.789499999999997
-18.141000000000012
-20.381000000000007
-35.769999999999996
-26.95150000000001
-16.33450000000001
-19.095000000000006
-30.525000000000006
-28.65949999999998
-18.4445
-23.838500000000014
-17.732000000000028
-16.33100000000001
-18.001000000000005
-18.80849999999999
-18.4005
-18.872999999999998
-43.62999999999998
-36.269999999999996
-25.788000000000007
-18.23350000000001
-30.986000000000026
-18.009500000000003
-32.99949999999998
-23.8055
-28.76549999999998
-20.491999999999997
-29.84649999999999
-18.17100000000001
-21.514499999999995
-16.993999999999986
-22.4575
-15.867000000000003
-30.25649999999997
-38.44950000000003
-23.54550000000001
-21.533499999999982
-23.762500000000014
-13.025000000000002
-13.966500000000005
-23.45800000000001
-21.899500000000003
-24.223499999999994
-29.815999999999992
-21.69250000000002
-28.77350000000001
-16.497000000000003
-23.812000000000012
-13.578500000000004
-18.081000000000003
-16.208000000000002
-20.524999999999995
-17.404000000000007
-25.690000000000005
-17.5175
-18.6185
-15.139000000000006
-18.690000000000012
-20.537000000000013
-15.970000000000011
-22.851500000000005
-30.012499999999996
-12.016500000000004
-22.157500000000002
-23.374000000000002
-18.472000000000012
-22.965500000000006
-17.314000000000004
-30.069499999999987
-19.68200000000001
-17.877500000000005
-24.573000000000008
-19.996000000000002
-24.672500000000014
-16.369500000000002
-30.240000000000013
-20.5085
-16.14699999999999
-26.786499999999993
-20.945999999999998
-22.972500000000014
-16.552
-16.62599999999999
-10.389499999999998
-14.729999999999999
-9.868500000000001
-21.19700000000001
-24.385
-33.70199999999999
-18.860000000000003
-22.092500000000005
-21.20350000000001
-21.120499999999996
-36.307000000000016
-21.257000000000012
-14.02250000000001
-35.55600000000001
-29.4935
-17.314999999999998
-17.681500000000007
-24.340500000000024
-22.609499999999986
-30.63350000000001
-21.854499999999998
-18.884000000000015
-28.057499999999997
-21.56650000000001
-19.98
-37.053000000000004
-31.299500000000016
-19.300499999999992
-29.457000000000008
-19.989
-27.1055
-27.176999999999985
-17.217
-20.7965
-21.391000000000016
-18.94750000000002
-24.929000000000006
-20.726
-26.525
-27.465499999999984
-15.959000000000007
-19.718999999999998
-17.3325
-29.526499999999995
-21.75700000000002
-22.11050000000002
-14.609000000000005
-18.809
-14.892499999999998
-26.763000000000012
-18.862500000000022
-22.82800000000001
-20.539499999999993
-20.736499999999992
-27.26249999999999
-20.92100000000001
-32.75050000000002
-20.91550000000001
-24.545999999999992
-17.17200000000001
-26.910499999999995
-23.36250000000002
-22.41300000000001
-22.21100000000001
-35.04349999999999
-26.747499999999995
-40.52249999999999
-16.73400000000001
-12.177999999999999
-15.120500000000005
-16.645500000000006
-21.270500000000002
-16.710999999999995
-39.53399999999999
-17.576999999999995
-26.48749999999999
-16.036
-20.6875
-20.3025
-18.16950000000001
-24.386
-30.978999999999992
-23.794999999999998
-36.75699999999999
-23.76250000000001
-49.09449999999998
-21.553500000000003
-21.610000000000003
-22.446500000000007
-22.602000000000004
-19.240500000000015
-30.886499999999995
-17.3455
-32.41200000000001
-29.676499999999997
-25.520500000000002
-19.304999999999996
-19.375500000000006
-22.819500000000005
-39.53299999999999
-21.0325
-27.292499999999965
-20.637500000000003
-18.976000000000006
-20.17500000000001
-20.072000000000003
-17.848500000000023
-33.94999999999998
-27.4715
-22.759000000000007
-15.691499999999998
-23.75149999999999
-19.688500000000005
-14.842500000000003
-25.094499999999996
-11.818000000000001
-22.012000000000004
-18.523999999999994
-20.975000000000016
-30.835499999999996
-33.684000000000005
-30.678999999999974
-17.7295
-24.640000000000022
-28.369500000000013
-21.690000000000015
-22.09899999999999
-21.51300000000002
-16.961500000000008
-17.579499999999996
-19.100500000000004
-15.374000000000004
-22.938
-21.381
-24.789500000000004
-25.95099999999999
-23.7645
-20.936500000000013
-23.166500000000003
-21.968
-23.947000000000003
-27.821500000000004
-22.311500000000013
-16.674499999999995
-25.081999999999997
-28.493500000000004
-24.20449999999999
-31.276999999999994
-24.422499999999964
-33.044999999999995
-25.218500000000013
-21.913999999999998
-20.864000000000022
-30.394499999999997
-20.35300000000001
-16.364500000000007
-21.212500000000016
-23.144500000000008
-30.522999999999975
-19.793499999999998
-19.20900000000001
-19.648000000000007
-30.19000000000002
-22.004499999999997
-18.455499999999983
-21.213
-6.943500000000001
-37.35550000000005
-14.467500000000015
-27.294999999999995
-20.24600000000001
-22.608999999999998
-17.212499999999995
-13.943999999999994
-19.356000000000005
-17.82800000000001
-20.193999999999992
-18.591500000000018
-21.0855
-18.339000000000006
-16.599000000000004
-29.7305
-17.375000000000007
-24.36250000000001
-26.580499999999997
-16.429999999999993
-20.040999999999997
-17.07
-19.294000000000015
-23.460500000000003
-18.428999999999995
-21.038500000000006
-17.4285
-18.10700000000001
-20.193999999999996
-25.848499999999998
-27.19250000000001
-20.160000000000014
-24.32499999999998
-27.843000000000032
-23.340499999999984
-30.144
-20.690500000000007
-22.29899999999998
-15.681500000000005
-17.147000000000013
-22.24750000000001
-21.990500000000022
-24.223499999999994
-25.98850000000001
-20.072499999999998
-17.531000000000013
-20.77500000000001
-31.335000000000015
-17.003500000000006
-31.876000000000015
-22.768499999999996
-34.08549999999999
-14.381500000000006
-29.316499999999994
-17.60900000000001
-39.23650000000003
-21.034000000000006
-30.830499999999997
-20.057000000000013
-21.306000000000026
-25.2755
-24.73399999999999
-18.887500000000003
-16.721500000000002
-22.318499999999997
-20.126000000000005
-17.25549999999999
-22.382999999999996
-34.722999999999985
-27.591500000000003
-28.581
-25.171000000000006
-21.979
-19.016000000000012
-28.4645
-21.969500000000004
-21.999500000000012
-20.14550000000002
-16.680999999999997
-18.241000000000017
-17.841
-30.425000000000022
-21.45700000000001
-18.186000000000014
-20.2165
-28.671999999999986
-23.752999999999997
-20.355500000000006
-17.452500000000008
-28.571500000000007
-27.16350000000001
-24.278
-22.432000000000013
-31.889500000000023
-19.28850000000001
-26.86450000000001
-34.836500000000015
-18.760000000000005
-19.50950000000002
-24.779999999999998
-18.807000000000002
-19.987000000000016
-16.974
-24.217500000000012
-18.176000000000005
-23.724500000000035
-20.447500000000012
-39.60599999999997
-18.686999999999998
-22.857999999999993
-18.61900000000001
-29.19249999999998
-23.005500000000005
-20.674000000000007
-18.4445
-25.526500000000006
-22.094500000000018
-31.35150000000001
-20.138999999999996
-27.326999999999998
-18.153499999999998
-31.53449999999999
-23.5155
-20.66550000000002
-18.359500000000008
-16.75800000000001
-28.329999999999988
-20.384500000000003
-16.568500000000007
-22.632000000000026
-23.63099999999999
-18.246000000000002
-25.2055
-28.08850000000001
-24.25249999999999
-29.28649999999998
-25.043499999999987
-28.4865
-19.494000000000014
-21.36949999999999
-28.342000000000002
-6.681000000000001
-21.051000000000005
-27.252
-21.106
-19.918000000000017
-20.047499999999996
-26.38000000000002
-25.14700000000002
-19.449000000000016
-20.408500000000004
-17.221500000000013
-22.554999999999996
-25.192499999999985
-29.102999999999987
-41.099000000000025
-26.168499999999984
-17.469499999999993
-21.16850000000001
-20.194999999999986
-26.720500000000015
-25.261999999999993
-37.81600000000002
-18.259000000000004
-18.4985
-20.04200000000001
-20.069500000000012
-25.261000000000006
-19.220999999999993
-37.98249999999999
-31.227499999999967
-29.68500000000001
-19.227
-29.586499999999972
-32.45599999999999
-33.158
-25.584000000000007
-30.66150000000002
-14.0225
-21.21849999999999
-18.58250000000001
-32.7055
-15.302999999999995
-16.3765
-26.61649999999999
-20.49500000000002
-28.714999999999993
-37.09249999999994
-31.775500000000015
-20.977499999999996
-34.464000000000006
-23.077499999999997
-32.70250000000003
-33.59649999999998
-17.66400000000001
-37.283
-23.46999999999999
-24.054000000000013
-23.786000000000012
-27.22750000000001
-36.61250000000001
-18.612500000000015
-31.23549999999999
-21.521499999999996
-30.4575
-24.508999999999986
-33.837500000000006
-15.560500000000015
-25.041999999999994
-23.857
-15.601500000000001
-17.445
-20.743000000000006
-14.5565
-30.142499999999995
-26.777000000000008
-20.639000000000006
-22.790499999999998
-22.04399999999998
-18.268499999999996
-16.671
-19.707499999999996
-19.743999999999996
-21.44450000000001
-34.16000000000001
-40.986999999999995
-16.80449999999999
-24.286
-19.08850000000002
-23.056000000000015
-21.08800000000001
-24.861500000000014
-19.572500000000005
-22.726000000000006
-18.58750000000001
-23.660999999999987
-20.376000000000012
-20.937500000000007
-16.56350000000002
-23.938999999999993
-38.46650000000001
-22.580000000000016
-21.58949999999999
-18.930500000000013
-15.700499999999991
-40.8555
-23.224500000000027
-26.850500000000018
-28.856
-15.9595
-31.24649999999999
-25.7955
-18.001999999999985
-30.75850000000001
-19.72400000000001
-27.834499999999995
-28.701999999999988
-33.010000000000005
-29.072499999999994
-17.445000000000007
-27.011499999999995
-16.78450000000001
-24.321500000000007
-18.311499999999995
-17.269
-29.93899999999998
-17.638500000000004
-20.406500000000012
-22.694999999999997
-20.5145
-19.860500000000005
-17.969999999999995
-22.048499999999994
-21.64100000000001
-31.591000000000015
-19.13549999999999
-23.24850000000002
-21.30000000000001
-18.643000000000026
-17.286000000000016
-15.44350000000001
-19.241
-21.01549999999999
-20.10899999999999
-29.439000000000007
-16.332499999999996
-18.046499999999988
-29.99599999999999
-20.113500000000013
-25.928499999999996
-19.744000000000003
-30.465
-18.83749999999999
-21.649
-18.235500000000002
-28.379999999999992
-19.975500000000007
-18.45550000000001
-18.4545
-24.347500000000007
-40.190500000000014
-24.580000000000005
-18.186499999999995
-33.71349999999998
-15.825500000000002
-16.544
-18.76900000000001
-25.026500000000013
-23.456500000000005
-27.87700000000001
-18.956
-26.131500000000013
-26.098000000000003
-26.845999999999993
-20.87150000000002
-20.584499999999988
-18.80400000000001
-35.11300000000002
-31.393999999999995
-28.243
-39.57950000000002
-24.270000000000007
-18.172000000000004
-18.174500000000002
-19.432500000000022
-25.01550000000001
-17.97350000000001
-25.097500000000004
-27.375499999999995
-23.275000000000002
-25.584
-20.858500000000003
-21.812500000000007
-19.304000000000002
-16.30450000000001
-15.467500000000003
-21.603
-20.828500000000002
-24.028000000000006
-33.667499999999976
-22.345499999999998
-28.203000000000017
-30.474000000000007
-15.9145
-20.857499999999998
-31.545999999999992
-19.983000000000008
-19.269000000000013
-31.28800000000001
-5.888
-35.51600000000001
-19.459500000000016
-24.456999999999983
-21.109000000000012
-23.738999999999997
-23.431999999999988
-34.928
-33.00999999999999
-24.173499999999997
-17.001000000000012
-25.075499999999995
-22.97100000000002
-18.921999999999997
-19.743499999999994
-34.35150000000001
-19.625499999999995
-29.320500000000003
-19.725
-19.690999999999995
-30.663000000000007
-20.4695
-35.61200000000001
-34.360000000000035
-17.174500000000005
-20.576
-27.165000000000013
-10.471499999999994
-31.710999999999977
-15.714000000000011
-29.32450000000001
-24.238000000000017
-28.852000000000004
-19.3175
-27.014499999999988
-28.946499999999997
-18.289999999999996
-17.662000000000003
-17.4925
-29.084499999999995
-17.455000000000005
-29.877999999999982
-16.656000000000006
-20.510500000000008
-17.239000000000004
-18.934500000000018
-29.503499999999995
-28.83950000000001
-26.99149999999999
-17.458000000000006
-23.247999999999998
-28.096499999999995
-22.05000000000001
-29.56299999999999
-32.025999999999996
-30.246500000000005
-30.88349999999999
-30.811500000000002
-30.15700000000001
-37.27950000000002
-32.699
-22.163000000000004
-27.894999999999968
-28.611500000000007
-21.016000000000002
-24.828999999999994
-21.146500000000007
-19.628000000000004
-28.147499999999994
-39.55349999999998
-15.236500000000007
-20.154000000000007
-16.715000000000003
-24.830499999999997
-23.8855
-25.787000000000013
-37.76249999999997
-21.096000000000007
-15.603500000000006
-40.8745
-24.11950000000001
-26.408000000000015
-20.729999999999993
-23.12800000000001
-19.422500000000007
-20.37799999999999
-22.53450000000001
-17.509500000000013
-24.786499999999993
-18.278
-19.160500000000006
-24.163500000000003
-22.425000000000022
-45.170500000000004
-20.65250000000001
-25.668
-26.589500000000026
-17.360499999999995
-24.032000000000025
-21.364000000000022
-16.40599999999999
-27.899499999999996
-20.24500000000002
-25.686500000000017
-34.6875
-19.058
-17.691
-19.84850000000001
-20.461000000000006
-15.787000000000008
-18.326500000000006
-35.27899999999999
-17.755500000000005
-27.840000000000018
-20.595499999999998
-21.747500000000002
-22.390499999999992
-33.105499999999985
-18.349000000000014
-26.559499999999996
-20.67750000000002
-20.221500000000024
-17.324999999999992
-31.524499999999982
-16.672500000000007
-21.12800000000001
-29.093999999999998
-25.599000000000032
-20.129000000000016
-12.5435
-22.553000000000004
-21.990000000000006
-26.4075
-27.557000000000027
-18.568500000000004
-36.885
-26.863500000000002
-24.271000000000004
-39.07700000000001
-22.264999999999993
-16.489499999999992
-17.123000000000008
-19.994500000000013
-17.152000000000005
-20.372000000000007
-17.667499999999997
-18.949500000000004
-33.2895
-28.67499999999999
-24.0725
-18.969499999999996
-21.179500000000004
-17.877500000000012
-31.464499999999994
-15.992999999999999
-19.498
-20.678000000000008
-23.477500000000017
-29.613499999999995
-27.374000000000013
-23.582500000000014
-28.907500000000006
-15.493
-21.411000000000005
-27.90099999999999
-12.305500000000002
-17.352000000000015
-20.316000000000003
-19.1645
-30.743500000000015
-26.12799999999999
-18.877000000000013
-19.556
-18.956000000000014
-15.493500000000001
-24.26250000000002
-18.087999999999994
-24.70150000000001
-19.240999999999993
-20.8955
-22.27900000000001
-24.173000000000012
-15.860500000000004
-16.96900000000001
-23.471500000000034
-27.177500000000016
-23.483000000000004
-17.079499999999996
-17.374
-24.71700000000001
-35.55299999999999
-36.20950000000001
-22.5465
-24.97199999999998
-22.321
-21.248999999999995
-20.362499999999997
-20.639999999999986
-27.620500000000007
-16.957
-30.906000000000017
-28.0185
-24.621500000000015
-22.236000000000008
-25.337000000000007
-25.180499999999995
-16.502500000000005
-15.829000000000008
-24.657000000000025
-18.195000000000004
-37.903499999999966
-18.220500000000015
-21.100000000000037
-23.674999999999994
-33.87050000000001
-19.8635
-17.5095
-30.2275
-25.162500000000012
-15.795499999999992
-32.30450000000001
-19.92749999999999
-20.701500000000003
-15.31150000000001
-17.11150000000001
-38.45599999999999
-36.297
-18.150499999999997
-16.62400000000001
-24.948500000000013
-22.1275
-32.310500000000005
-17.815500000000004
-19.669499999999996
-21.56100000000002
-18.806499999999996
-15.257
-18.686999999999998
-19.112000000000002
-26.600000000000005
-20.03600000000001
-28.241499999999977
-18.3545
-19.571
-18.403500000000005
-27.11200000000001
-26.658999999999985
-26.768499999999992
-17.093000000000007
-22.185999999999993
-17.378000000000004
-29.85599999999999
-18.357500000000012
-16.402500000000003
-20.803500000000007
-17.113000000000003
-16.651000000000007
-20.17799999999999
-17.476
-21.284000000000006
-18.591
-24.60000000000003
-21.075000000000003
-20.256499999999992
-25.328000000000003
-22.613499999999995
-20.514500000000005
-30.567500000000003
-22.788999999999998
-18.937000000000005
-18.560499999999994
-22.045499999999997
-22.153000000000002
-23.683500000000002
-24.353999999999996
-26.54950000000001
-23.152499999999993
-15.832000000000003
-22.746499999999994
-25.709500000000013
-17.599500000000003
-17.140500000000014
-42.51849999999996
-19.371999999999993
-17.870500000000007
-17.24800000000001
-20.391500000000022
-26.869499999999988
-18.916500000000006
-17.839000000000002
-16.074000000000005
-18.22050000000001
-29.2375
-29.69500000000001
-18.934499999999996
-26.2355
-18.485500000000002
-20.46150000000001
-28.21049999999998
-30.273000000000028
-17.631499999999996
-19.6265
-17.177999999999997
-26.369500000000013
-16.451500000000003
-32.070499999999996
-19.603999999999996
-27.719500000000004
-19.08800000000002
-19.482499999999998
-18.950499999999995
-39.44799999999998
-18.11200000000002
-20.216999999999995
-22.309000000000005
-26.764999999999993
-16.4705
-25.046500000000016
-30.137000000000008
-16.38150000000001
-20.658000000000005
-29.545999999999985
-26.447999999999983
-10.545
-17.374500000000005
-20.75000000000001
-25.23399999999999
-20.874
-20.693499999999993
-21.167499999999997
-26.819000000000013
-18.398999999999994
-20.091999999999995
-16.238999999999997
-17.80800000000001
-25.789500000000015
-24.96450000000001
-18.79800000000002
-30.55050000000001
-21.683000000000007
-27.291499999999985
-16.537499999999987
-20.298499999999997
-19.75650000000001
-37.967500000000044
-20.54500000000001
-22.874500000000015
-36.881
-25.57750000000001
-28.223500000000012
-18.922500000000003
-16.216000000000008
-21.66149999999998
-30.807999999999975
-20.56350000000002
-17.158999999999992
-19.892000000000007
-24.691999999999997
-23.30400000000001
-20.819499999999994
-20.11550000000001
-25.900499999999997
-17.582
-24.448999999999998
-14.808
-20.845499999999994
-33.054000000000016
-20.379500000000004
-34.348000000000006
-27.41450000000001
-18.7755
-18.0545
-33.26850000000002
-27.374000000000006
-22.0555
-25.880999999999986
-23.436000000000007
-21.20650000000003
-32.26600000000002
-17.149500000000003
-18.558
-19.5685
-20.33049999999999
-15.402500000000003
-22.323500000000006
-17.619000000000014
-25.463499999999993
-26.346000000000004
-29.19749999999999
-19.092499999999994
-23.927999999999987
-20.098499999999994
-19.377500000000015
-26.30550000000001
-29.14300000000001
-33.5
-18.966000000000022
-23.537500000000012
-23.95549999999999
-19.841500000000003
-25.236999999999988
-25.795500000000015
-29.012499999999992
-19.056499999999996
-24.9825
-19.702999999999996
-19.63800000000001
-24.80050000000001
-18.67700000000001
-25.05350000000001
-25.716
-16.987000000000002
-20.52749999999999
-16.34000000000001
-18.442500000000006
-30.125000000000004
-22.089500000000008
-25.518000000000004
-27.825
-25.65349999999999
-29.023500000000006
-19.36200000000001
-20.666000000000025
-23.066499999999987
-18.72600000000001
-26.324500000000008
-30.729499999999998
-19.187500000000004
-33.070999999999984
-22.916000000000015
-16.980500000000003
-18.620500000000014
-19.759999999999994
-20.980000000000004
-18.234000000000012
-19.668000000000017
-22.979
-38.68749999999997
-21.101499999999998
-18.7515
-18.96250000000001
-20.775999999999996
-18.93300000000003
-18.27450000000001
-17.36649999999999
-41.244500000000016
-17.928000000000004
-19.039500000000004
-23.93049999999999
-21.166500000000003
-29.651000000000014
-25.1415
-22.875500000000024
-10.1015
-15.915500000000005
-30.148499999999984
-19.328500000000002
-22.744000000000003
-17.666000000000015
-25.20299999999998
-20.782500000000006
-21.67050000000002
-20.395999999999987
-23.935499999999976
-18.52550000000001
-26.265500000000014
-24.282500000000006
-28.650499999999997
-22.94800000000003
-28.155999999999988
-35.002499999999976
-17.477499999999996
-20.898
-25.671000000000014
-14.924999999999997
-17.252500000000012
-16.777500000000003
-15.492000000000008
-17.731500000000008
-23.43000000000002
-20.107499999999998
-31.75650000000001
-37.88849999999999
-19.96500000000001
-35.09349999999999
-10.639499999999998
-18.343000000000004
-25.686500000000002
-18.9045
-20.746499999999987
-18.300000000000004
-29.489000000000033
-20.170000000000012
-20.53099999999999
-30.278500000000005
-26.391500000000004
-19.72000000000001
-20.7155
-37.26900000000003
-20.781999999999986
-24.323
-20.418000000000006
-20.906
-21.33
-22.9905
-40.936000000000014
-24.00949999999998
-28.731500000000004
-17.549500000000005
-34.81300000000001
-23.65050000000001
-21.009
-20.245
-18.6745
-30.81850000000001
-21.962000000000018
-22.957
-17.044
-15.338499999999994
-22.30299999999999
-17.461500000000008
-16.556500000000003
-13.097499999999997
-23.019000000000002
-21.410999999999984
-21.273999999999994
-34.31600000000002
-17.69400000000001
-19.810999999999996
-19.051499999999987
-22.013500000000015
-31.713999999999995
-16.33
-17.25900000000002
-24.355999999999995
-32.816499999999984
-22.651000000000003
-13.195000000000004
-29.723999999999993
-18.626999999999995
-18.488500000000013
-17.698499999999996
-37.69000000000002
-25.173500000000008
-20.737000000000005
-19.160500000000017
-26.108499999999992
-26.00250000000001
-23.9535
-18.97250000000001
-19.118000000000013
-16.177500000000002
-25.304
-18.55950000000001
-20.902999999999995
-16.086999999999996
-23.744000000000018
-26.27150000000002
-15.679499999999999
-26.481000000000012
-17.437500000000007
-27.154999999999994
-22.45949999999999
-29.17650000000002
-28.481000000000005
-25.51850000000001
-21.736500000000014
-18.384000000000015
-18.428500000000003
-28.693999999999985
-25.153000000000016
-24.684500000000007
-19.208499999999994
-19.85200000000001
-19.202
-30.962500000000002
-30.514000000000017
-24.1165
-18.602499999999996
-17.78150000000001
-21.604500000000005
-25.20350000000001
-33.19250000000001
-22.560000000000006
-22.769000000000016
-20.39299999999999
-24.908500000000032
-18.999000000000017
-20.13599999999999
-22.4905
-19.931500000000014
-17.762499999999992
-17.260499999999997
-23.549500000000005
-15.905500000000002
-21.374999999999996
-20.671000000000017
-21.3465
-18.633500000000016
-26.512499999999992
-14.342999999999998
-20.56250000000001
-24.55300000000002
-19.375000000000004
-21.422500000000007
-23.170500000000004
-15.636000000000003
-18.8445
-18.54150000000001
-23.96199999999998
-21.989999999999995
-16.800500000000007
-22.86549999999999
-14.964000000000008
-18.855999999999984
-18.2885
-18.932000000000006
-24.11850000000001
-25.40449999999999
-19.8715
-22.75
-14.661500000000013
-18.021500000000007
-18.57700000000001
-17.051500000000004
-21.223000000000003
-23.347000000000012
-24.997499999999988
-19.250499999999995
-28.98150000000002
-27.40399999999999
-18.335000000000008
-36.89400000000001
-18.061000000000003
-17.58650000000001
-24.266500000000022
-29.554000000000013
-18.108000000000008
-17.601999999999997
-15.447
-23.06749999999998
-26.428499999999996
-17.84700000000001
-26.12200000000001
-19.41099999999999
-17.735000000000003
-19.77600000000002
-26.337500000000006
-28.653999999999986
-22.91199999999999
-19.137499999999996
-19.33850000000001
-17.358
-21.843499999999995
-18.47500000000001
-18.135500000000004
-21.261499999999995
-35.705500000000036
-24.808499999999995
-20.19599999999999
-19.6665
-17.976000000000003
-12.8445
-17.705
-21.415499999999998
-26.754999999999992
-38.73749999999998
-21.0775
-17.968000000000004
-18.734
-16.028000000000006
-23.734500000000015
-28.240499999999994
-28.95949999999999
-33.5635
-17.6685
-17.85799999999999
-17.244500000000002
-19.979499999999994
-20.281000000000006
-28.007999999999992
-20.21850000000001
-16.3865
-26.79150000000001
-15.027500000000005
-31.79700000000002
-16.413500000000013
-17.449499999999997
-21.168999999999993
-18.759000000000015
-17.059000000000005
-15.887000000000004
-20.13950000000001
-26.087500000000006
-19.148000000000017
-21.465999999999994
-17.987000000000005
-20.000500000000013
-19.4285
-22.090500000000002
-23.77399999999999
-23.13
-20.598499999999998
-24.054499999999997
-37.84400000000002
-22.702
-16.458000000000006
-15.964
-21.035999999999998
-24.453500000000005
-22.062500000000007
-27.932000000000013
-26.802000000000014
-16.484499999999997
-21.467000000000006
-17.434
-17.1145
-32.32900000000001
-19.42400000000001
-31.92099999999998
-24.61350000000001
-28.58749999999999
-26.2
-22.999500000000005
-19.894499999999997
-37.644500000000015
-25.12199999999999
-19.42799999999999
-16.884000000000004
-19.2625
-19.550000000000004
-30.71400000000001
-20.42600000000001
-21.544499999999996
-24.7105
-26.34050000000001
-21.686500000000013
-32.04799999999999
-37.360500000000016
-28.5545
-20.087999999999994
-19.131000000000007
-29.21049999999999
-18.504000000000016
-21.562000000000022
-33.901999999999994
-20.023000000000003
-24.61449999999999
-22.05650000000001
-19.626999999999992
-15.711500000000015
-24.903000000000016
-23.812
-17.492499999999986
-25.57199999999999
-28.6315
-31.053000000000004
-21.923000000000002
-37.44499999999999
-23.790000000000003
-24.904000000000014
-29.187500000000004
-21.2855
-20.572000000000013
-27.667499999999997
-18.517
-26.07899999999999
-25.716000000000033
-31.763500000000004
-20.1485
-19.2745
-30.32
-21.43900000000001
-16.30150000000001
-12.081499999999997
-26.367000000000004
-40.53400000000003
-20.527000000000022
-23.159
-20.3495
-24.433500000000016
-17.46750000000001
-27.235999999999994
-18.9315
-24.483999999999988
-25.994000000000003
-22.71200000000001
-25.026999999999997
-14.928999999999997
-21.131500000000003
-30.220499999999994
-17.53799999999999
-20.571000000000005
-40.69149999999997
-22.926499999999994
-36.14500000000001
-27.11049999999998
-20.778000000000002
-22.9895
-24.170499999999972
-22.103499999999997
-17.1935
-31.49200000000001
-14.750999999999998
-22.588499999999996
-16.26149999999999
-29.961499999999994
-27.203500000000016
-25.976
-33.023999999999994
-31.488499999999984
-31.037499999999966
-17.523499999999988
-19.55649999999999
-19.711999999999993
-26.210500000000007
-19.324
-16.155500000000004
-18.37499999999999
-17.504500000000014
-18.50100000000002
-26.532999999999987
-26.712500000000002
-16.184500000000007
-20.77049999999999
-14.1565
-16.558500000000006
-23.292
-25.834500000000034
-17.579499999999992
-18.80300000000002
-30.342000000000002
-19.74400000000001
-21.96500000000002
-16.6775
-36.372
-25.466500000000014
-20.5845
-22.155999999999974
-24.448999999999987
-17.482499999999998
-23.155499999999993
-17.406500000000005
-22.903999999999993
-19.86200000000001
-29.139
-22.288499999999996
-26.571500000000004
-23.34050000000001
-22.806999999999984
-18.962000000000007
-22.488000000000003
-27.256
-11.939500000000006
-20.06
-20.139999999999993
-19.64549999999999
-35.58699999999998
-22.01349999999999
-16.29350000000001
-31.41050000000001
-19.8215
-17.79500000000001
-24.690500000000007
-17.99999999999999
-17.501
-29.47549999999999
-16.727
-20.35850000000001
-17.662
-30.6365
-38.284500000000044
-18.988999999999997
-25.004999999999992
-21.041499999999996
-16.52950000000001
-16.188499999999994
-17.855500000000013
-16.483500000000006
-16.730500000000006
-25.080500000000008
-19.166499999999992
-23.822999999999997
-20.66749999999999
-27.421000000000003
-26.67900000000001
-18.621500000000005
-22.46800000000001
-25.7475
-22.357
-19.8505
-27.2335
-26.006999999999987
-19.637000000000018
-20.29950000000001
-23.971500000000002
-15.093000000000007
-21.18349999999999
-22.390999999999995
-17.968999999999994
-33.61149999999999
-21.110499999999995
-15.540000000000012
-17.226500000000012
-22.522000000000016
-26.095000000000013
-27.692500000000003
-15.615500000000008
-26.18149999999999
-25.406500000000023
-30.336999999999986
-19.970499999999983
-17.9965
-30.68300000000001
-22.088000000000015
-16.443
-28.973999999999982
-17.35350000000001
-20.019499999999997
-17.577000000000005
-21.689000000000007
-29.06149999999998
-25.71050000000002
-21.015500000000017
-27.076499999999992
-32.443499999999986
-31.637999999999984
-20.638
-29.79499999999999
-20.058000000000014
-21.604499999999994
-15.454999999999998
-23.418500000000012
-23.532500000000002
-20.613500000000002
-32.197
-21.006000000000007
-18.3515
-15.244000000000007
-21.496999999999996
-30.260999999999985
-23.11949999999998
-17.209499999999995
-19.154000000000007
-19.454499999999985
-18.950499999999998
-22.1735
-22.726499999999998
-18.92449999999999
-19.41000000000001
-29.86699999999998
-22.68799999999998
-21.995999999999988
-19.052499999999995
-19.280999999999995
-27.816499999999994
-37.338
-27.906499999999987
-17.871
-24.24249999999999
-20.87400000000001
-31.760999999999996
-22.48850000000001
-28.445000000000004
-31.847999999999992
-22.97950000000001
-21.8975
-29.34850000000001
-19.719000000000023
-19.429000000000002
-16.51
-14.640500000000001
-27.535500000000006
-24.5255
-21.851999999999997
-17.3715
-21.065500000000007
-29.458500000000008
-17.41550000000001
-27.178499999999985
-18.036
-25.024999999999984
-22.90000000000001
-25.032999999999994
-21.655
-19.746000000000016
-19.3805
-22.766500000000015
-20.537999999999997
-28.67199999999999
-19.105500000000003
-26.55399999999998
-22.2565
-20.741500000000006
-20.388500000000008
-24.629500000000004
-23.981499999999983
-20.113000000000003
-34.58450000000002
-15.901999999999997
-16.454499999999992
-22.884
-16.566500000000005
-19.421499999999995
-37.656499999999994
-17.619500000000006
-36.4895
-22.622
-19.346499999999992
-22.864499999999992
-20.57499999999999
-19.703000000000003
-30.250999999999998
-21.353999999999996
-21.370999999999995
-20.837500000000006
-29.092500000000015
-18.882000000000016
-25.65300000000001
-30.827999999999992
-17.748500000000007
-17.554499999999997
-15.220500000000005
-30.297000000000033
-31.930000000000003
-18.710500000000014
-26.284499999999976
-31.155000000000005
-27.211499999999994
-18.060500000000005
-17.811500000000017
-22.388999999999985
-22.830500000000026
-15.779500000000011
-34.057
-24.849999999999994
-18.66550000000002
-18.00600000000001
-20.49050000000001
-19.105500000000006
-33.333999999999996
-16.916500000000003
-26.51049999999998
-22.739499999999992
-24.64449999999998
-32.229
-19.126999999999992
-20.34399999999999
-19.528000000000013
-16.068000000000005
-19.095499999999998
-19.68700000000001
-16.298500000000004
-19.076000000000004
-24.827499999999997
-18.103500000000004
-18.386000000000006
-17.756999999999998
-21.128500000000006
-22.96400000000001
-19.191000000000003
-22.212500000000023
-19.006000000000004
-22.20450000000001
-22.683
-31.952499999999993
-17.927500000000006
-16.713
-25.940500000000025
-24.331500000000016
-17.333000000000006
-36.271999999999984
-25.92050000000001
-16.71
-17.91199999999999
-18.51750000000002
-17.9915
-23.0125
-28.42100000000001
-19.332500000000007
-16.138000000000005
-20.705999999999985
-17.659
-22.865499999999983
-20.143
-19.711000000000013
-18.913000000000004
-18.363500000000005
-18.650500000000033
-22.837999999999997
-22.73049999999997
-28.453
-17.910499999999995
-19.0895
-22.42350000000001
-17.731000000000016
-31.493499999999997
-18.7245
-21.621000000000002
-18.91650000000001
-20.309500000000003
-21.12200000000001
-25.468000000000014
-27.044000000000008
-20.097500000000014
-19.659000000000006
-22.207500000000017
-19.2575
-21.85950000000002
-21.854500000000005
-31.373500000000014
-31.08450000000001
-16.3455
-26.276500000000006
-16.262500000000003
-33.09850000000001
-20.7995
-22.70250000000001
-22.195000000000014
-17.404500000000013
-24.7525
-17.405999999999995
-13.499000000000006
-16.110999999999994
-15.789500000000002
-33.4225
-32.31150000000001
-23.361499999999996
-31.388999999999996
-19.069500000000023
-19.590499999999995
-26.172999999999995
-18.672499999999992
-24.718000000000014
-19.979999999999993
-36.203499999999984
-36.9005
-22.816499999999994
-35.855000000000004
-18.018000000000015
-15.741000000000009
-17.185000000000006
-17.735500000000002
-22.170500000000008
-18.437999999999995
-23.84450000000001
-19.4525
-24.60299999999999
-40.26750000000002
-21.081000000000007
-23.011000000000017
-33.41099999999998
-20.23900000000002
-17.8875
-23.399000000000022
-32.76299999999996
-28.740999999999993
-18.366500000000013
-15.674999999999992
-17.756500000000003
-20.867000000000008
-17.008499999999998
-21.823000000000004
-20.288499999999985
-20.598500000000012
-32.1245
-18.081000000000003
-16.446000000000005
-24.9615
-25.683500000000016
-21.3465
-21.028
-16.48400000000001
-16.999500000000005
-23.655500000000007
-32.604499999999994
-23.836000000000013
-18.754500000000004
-20.979500000000005
-15.708499999999999
-14.938000000000004
-18.0595
-25.12599999999998
-19.040499999999998
-19.42150000000001
-16.00850000000002
-16.394500000000008
-30.478
-22.8465
-33.735000000000014
-34.134000000000015
-26.809499999999993
-16.06100000000001
-26.221499999999992
-31.383499999999984
-22.084500000000002
-30.093500000000006
-35.19099999999998
-29.465499999999977
-23.55100000000001
-20.51350000000002
-17.787999999999997
-18.870499999999993
-25.98599999999998
-21.296000000000024
-25.836000000000002
-21.304499999999994
-15.515999999999996
-19.316000000000003
-18.401499999999995
-24.54500000000001
-19.95400000000001
-18.69400000000001
-16.864000000000008
-26.642500000000023
-19.619
-20.69399999999999
-30.40900000000002
-16.771499999999996
-16.791500000000006
-27.484500000000004
-16.633500000000005
-17.707
-21.342999999999996
-17.684500000000014
-16.560000000000006
-29.108
-23.251
-23.083999999999993
-25.075999999999993
-27.769000000000013
-22.292999999999985
-30.201499999999996
-22.541999999999984
-19.438000000000017
-31.407500000000006
-16.944999999999993
-19.03799999999998
-18.040000000000013
-18.30400000000001
-18.932000000000013
-20.739499999999996
-20.465999999999987
-28.846499999999995
-25.625000000000007
-23.951000000000008
-18.909500000000016
-17.624000000000006
-22.89149999999999
-18.048500000000004
-16.658499999999997
-15.08750000000001
-20.564999999999994
-18.519000000000002
-25.636000000000006
-19.443000000000005
-18.070500000000028
-18.592499999999998
-25.018500000000014
-28.053999999999977
-22.47399999999999
-35.83850000000002
-20.280499999999986
-16.765500000000003
-15.789000000000003
-16.897000000000006
-30.340500000000024
-28.005000000000003
-21.68750000000001
-16.660000000000004
-30.767000000000003
-19.109
-15.35900000000001
-22.936500000000002
-26.532000000000014
-19.33700000000001
-30.20200000000001
-20.13650000000002
-15.313000000000004
-22.069
-23.201500000000003
-21.497500000000002
-35.329499999999996
-24.040499999999998
-23.848000000000006
-24.031000000000002
-16.55100000000001
-18.70300000000002
-16.997000000000007
-24.903999999999996
-17.994500000000006
-16.356499999999997
-18.479000000000003
-19.141499999999994
-15.746500000000001
-23.681500000000014
-16.012500000000014
-19.363500000000002
-33.06750000000002
-21.864500000000007
-17.102500000000006
-16.9215
-19.52749999999999
-37.12899999999997
-19.279500000000002
-17.5945
-19.082000000000004
-27.608999999999995
-21.318500000000018
-21.954500000000017
-22.730000000000008
-21.094500000000007
-17.806000000000004
-17.61900000000001
-16.349500000000006
-12.698000000000004
-27.64049999999999
-25.97700000000001
-14.386000000000003
-21.833000000000006
-18.045500000000004
-33.089499999999994
-25.908999999999992
-29.932999999999993
-20.284499999999987
-19.28850000000001
-22.732499999999995
-19.0135
-18.085000000000022
-17.541
-23.71650000000001
-17.588500000000003
-31.39249999999999
-12.467999999999995
-21.516999999999996
-21.49450000000001
-27.182000000000006
-17.821499999999997
-38.009000000000015
-15.395500000000006
-20.53050000000001
-17.740999999999993
-23.300500000000035
-19.100999999999992
-20.777500000000003
-15.451499999999994
-22.60700000000002
-21.777500000000007
-33.6715
-17.920500000000004
-22.640500000000017
-28.15649999999999
-21.806000000000008
-21.2635
-24.975000000000005
-15.271500000000007
-22.21850000000001
-18.221500000000006
-15.803500000000016
-17.828000000000007
-19.403500000000008
-27.1935
-23.74700000000001
-17.38
-20.535500000000003
-13.294500000000001
-17.24299999999999
-24.502000000000006
-26.500000000000025
-19.362500000000004
-25.146499999999996
-23.687500000000007
-34.02600000000001
-23.366
-28.494000000000003
-19.073000000000015
-29.69100000000001
-19.339000000000006
-15.513500000000006
-35.43999999999999
-17.745000000000005
-29.10200000000001
-24.166500000000006
-21.878999999999994
-26.28699999999999
-15.39850000000001
-17.068499999999997
-38.89450000000002
-17.07000000000001
-16.90800000000001
-28.352999999999998
-18.598499999999998
-16.856
-19.814500000000006
-20.2585
-26.91649999999999
-29.938500000000026
-27.806999999999988
-17.55600000000001
-24.94299999999999
-32.40350000000001
-15.4235
-21.35650000000001
-22.2015
-21.03549999999999
-24.390499999999996
-18.659
-33.124500000000005
-29.789499999999986
-16.856
-17.416499999999996
-17.216500000000003
-15.943500000000004
-35.49449999999998
-28.136
-30.095000000000013
-18.00100000000001
-23.625000000000014
-14.974499999999992
-18.157000000000004
-18.330000000000013
-17.047000000000004
-20.456000000000007
-16.308499999999995
-23.600999999999992
-31.442000000000007
-27.221500000000006
-29.2635
-24.276500000000016
-25.108500000000014
-22.868499999999997
-38.15800000000003
-21.273500000000002
-16.833000000000002
-18.84750000000001
-19.366500000000002
-26.276500000000013
-16.046000000000006
-27.26300000000002
-17.326999999999998
-23.153000000000002
-22.95700000000002
-33.712999999999994
-28.18750000000001
-32.860500000000016
-17.615000000000002
-34.54000000000001
-24.297500000000014
-18.916500000000003
-16.092999999999996
-16.241999999999997
-15.773000000000001
-17.384999999999998
-19.254
-20.986500000000007
-28.11050000000001
-15.895000000000005
-18.013500000000008
-26.645999999999997
-26.646000000000008
-17.1835
-35.29949999999997
-20.830499999999994
-24.596999999999998
-17.749499999999998
-17.013000000000005
-23.712500000000013
-19.628499999999992
-19.877499999999998
-27.90150000000002
-18.446000000000012
-16.838500000000007
-21.39300000000001
-35.09950000000003
-31.679499999999987
-20.89649999999999
-21.382999999999985
-17.900500000000015
-26.017500000000005
-18.488000000000017
-19.442999999999987
-21.464999999999993
-18.879000000000012
-18.541500000000006
-21.985499999999995
-22.420000000000005
-18.226500000000005
-17.66000000000001
-27.24599999999999
-21.379500000000004
-18.7845
-17.238000000000003
-26.8315
-13.522499999999999
-22.310500000000005
-29.711999999999996
-22.85099999999999
-17.453500000000005
-31.830000000000002
-17.541000000000004
-25.552999999999994
-24.69
-16.41300000000001
-15.572500000000016
-25.271999999999977
-26.0625
-20.937499999999993
-19.944999999999993
-28.012000000000018
-28.657499999999995
-29.933000000000014
-26.24099999999999
-19.05800000000001
-26.232
-16.502500000000005
-34.296000000000014
-18.471500000000006
-23.153000000000006
-37.51250000000001
-17.756500000000003
-16.519999999999996
-19.333000000000016
-19.973499999999998
-18.477499999999992
-21.140000000000004
-21.62450000000001
-22.826
-17.767000000000007
-21.079500000000014
-26.52750000000003
-16.162
-15.984500000000002
-16.989500000000007
-16.237500000000015
-17.367500000000014
-17.988999999999994
-21.67149999999999
-20.207000000000022
-19.10150000000001
-20.928000000000004
-19.603500000000015
-17.686
-41.42549999999999
-21.525000000000016
-23.753499999999995
-22.813000000000002
-21.569999999999997
-25.02649999999997
-22.664000000000012
-28.027499999999968
-17.196500000000004
-30.06000000000003
-31.08999999999999
-26.925499999999992
-22.636000000000003
-29.234500000000015
-21.9475
-31.538999999999994
-18.386
-19.3265
-20.01949999999999
-17.999000000000006
-25.39399999999999
-26.665000000000003
-19.49650000000001
-20.294
-27.8505
-26.254000000000005
-24.304499999999997
-23.448999999999998
-17.605999999999998
-20.25850000000001
-30.70500000000001
-20.157000000000007
-34.22800000000002
-16.93950000000001
-27.188500000000012
-20.331500000000002
-28.31949999999999
-22.323999999999995
-16.992500000000014
-31.01099999999999
-16.429999999999993
-26.05750000000002
-25.520999999999994
-28.302
-16.751500000000014
-19.68400000000002
-17.635500000000008
-24.55100000000001
-26.525499999999987
-17.6315
-21.624499999999994
-16.811
-21.201499999999996
-23.156000000000006
-26.752000000000017
-14.259500000000003
-21.45700000000002
-15.8695
-18.360999999999997
-19.097999999999985
-21.59000000000001
-29.26650000000001
-23.029999999999994
-23.56899999999999
-23.342999999999986
-21.7585
-16.180000000000007
-21.278000000000002
-22.909499999999994
-30.823500000000017
-33.00050000000001
-18.290499999999998
-32.27149999999999
-27.575500000000005
-27.02799999999999
-27.029
-26.564999999999998
-19.472
-18.089999999999996
-22.599499999999995
-24.972500000000004
-16.601000000000017
-17.715500000000002
-30.799000000000007
-18.2965
-18.986000000000008
-25.885999999999996
-32.69500000000001
-17.3545
-22.364499999999996
-27.636999999999983
-16.868499999999997
-19.394500000000004
-23.25149999999999
-19.735500000000002
-20.967500000000012
-18.213500000000014
-21.238000000000007
-23.30250000000001
-19.725499999999997
-26.350999999999996
-27.86400000000002
-33.099000000000004
-26.376000000000005
-26.8915
-18.607
-20.517999999999997
-18.099500000000006
-18.561999999999987
-20.274500000000014
-38.088
-21.907500000000013
-27.554999999999996
-19.204499999999992
-30.844999999999995
-17.911500000000007
-20.80750000000002
-15.681500000000003
-18.971500000000006
-22.39150000000001
-21.89300000000001
-22.767
-22.146500000000014
-25.112500000000015
-20.187000000000005
-17.114
-29.276499999999984
-20.657000000000007
-24.33199999999999
-16.9215
-18.071500000000004
-17.49400000000001
-21.49600000000001
-27.366999999999997
-16.15950000000001
-22.3135
-23.38650000000002
-16.75
-24.8265
-20.943000000000005
-22.7465
-22.244500000000006
-22.062000000000005
-29.31100000000002
-17.68799999999999
-17.054000000000013
-26.980000000000008
-29.3245
-19.117500000000003
-9.626000000000003
-19.3045
-16.67950000000002
-18.129000000000012
-21.5715
-21.174499999999988
-20.655
-24.002999999999993
-17.992000000000004
-22.629500000000004
-18.43649999999999
-12.099499999999997
-28.69399999999999
-17.29250000000001
-22.0355
-19.85449999999999
-18.105500000000006
-17.487000000000016
-30.59950000000002
-29.341499999999993
-15.383999999999997
-27.49199999999999
-22.211499999999997
-26.7455
-31.978000000000012
-26.83100000000001
-31.98299999999999
-21.111500000000003
-30.544499999999985
-31.215500000000002
-20.904500000000013
-26.388999999999985
-23.38200000000002
-17.97500000000001
-30.79949999999999
-26.945500000000017
-22.443499999999993
-19.259500000000006
-26.599500000000006
-20.588500000000007
-24.846000000000007
-32.49150000000001
-16.49449999999999
-17.207000000000008
-16.244499999999995
-24.221500000000006
-20.292500000000015
-19.3755
-27.149000000000004
-18.50249999999999
-20.825500000000012
-26.773000000000007
-19.388000000000016
-30.660500000000017
-14.986000000000013
-23.746499999999997
-21.854500000000005
-20.92700000000001
-32.951000000000015
-28.104499999999998
-26.813999999999982
-15.652499999999977
-18.254500000000004
-23.23099999999999
-34.0675
-18.823000000000008
-31.894999999999982
-22.364500000000003
-29.735999999999997
-28.071
-20.066000000000006
-22.428500000000025
-26.3145
-23.533000000000015
-19.033499999999997
-19.986500000000007
-15.891500000000004
-10.225000000000001
-26.990500000000004
-24.872000000000007
-23.08
-16.135500000000008
-17.046000000000003
-17.510500000000008
-18.071000000000016
-17.899000000000015
-15.562000000000001
-28.645000000000003
-40.96349999999998
-18.067000000000014
-26.426000000000005
-24.948499999999996
-18.819000000000003
-18.5535
-28.963500000000007
-20.937500000000025
-18.834000000000007
-44.904
-17.33150000000001
-14.237000000000004
-26.953000000000007
-20.22050000000002
-28.07349999999998
-26.53250000000001
-23.096999999999984
-21.043000000000003
-18.87400000000001
-21.28950000000002
-22.604000000000006
-10.851
-19.22150000000001
-17.975000000000005
-15.879499999999998
-24.846999999999998
-19.203500000000005
-17.103500000000025
-21.080499999999997
-15.897999999999998
-25.447000000000013
-22.772
-24.15000000000003
-14.774500000000003
-29.46550000000001
-16.058999999999997
-24.491999999999997
-31.49400000000003
-17.187499999999996
-35.423500000000004
-31.914000000000016
-38.225000000000016
-27.201499999999996
-17.97149999999999
-17.882499999999993
-16.873000000000005
-19.031
-16.151500000000006
-17.846000000000004
-27.727499999999985
-33.87800000000001
-16.778
-20.993499999999994
-11.336000000000002
-16.7195
-16.992999999999995
-16.05400000000001
-15.774999999999997
-20.552000000000007
-16.883999999999997
-20.46350000000002
-17.691000000000013
-22.988000000000003
-24.420000000000005
-23.702999999999992
-26.05650000000001
-22.551999999999985
-20.05850000000001
-21.587500000000023
-21.686000000000007
-18.527499999999996
-25.150500000000008
-24.508499999999994
-18.326
-15.438500000000008
-25.232999999999993
-20.6405
-25.82200000000002
-21.90000000000001
-29.8075
-27.766
-21.699500000000008
-18.585000000000015
-31.600999999999985
-18.313
-16.7545
-20.245499999999993
-28.768500000000007
-24.135000000000016
-16.064500000000002
-23.63550000000001
-20.213499999999993
-22.286499999999997
-17.333999999999996
-21.439499999999985
-22.329
-16.58600000000001
-16.637500000000017
-21.9415
-22.55599999999999
-21.392499999999984
-24.970499999999983
-20.763500000000015
-22.710500000000003
-20.04550000000002
-23.1525
-24.907000000000018
-37.13750000000001
-22.559500000000003
-5.2195
-21.674
-21.2335
-19.017499999999995
-16.479000000000006
-39.90650000000002
-17.049000000000003
-18.888
-17.2515
-19.7795
-24.441999999999997
-18.97400000000001
-19.694499999999994
-35.40149999999999
-19.437500000000007
-18.3165
-19.206500000000016
-17.027000000000005
-18.809000000000005
-31.189500000000017
-18.06599999999999
-18.29399999999999
-17.85500000000001
-16.224000000000004
-22.3485
-21.111999999999995
-20.040000000000003
-18.392499999999995
-23.978500000000018
-25.27650000000002
-18.264500000000005
-27.678500000000025
-15.317500000000015
-17.4785
-18.366999999999994
-20.522000000000002
-25.13099999999999
-17.1825
-33.53799999999998
-17.755999999999993
-19.096000000000014
-17.1655
-17.126000000000015
-32.05099999999999
-31.735499999999995
-37.291999999999994
-25.733500000000024
-22.52350000000001
-15.078
-17.798500000000015
-27.332000000000008
-21.519000000000013
-15.226500000000007
-16.57950000000001
-35.035000000000025
-18.433000000000003
-31.35099999999998
-31.82250000000001
-22.404499999999995
-21.775499999999997
-21.7955
-18.991500000000002
-20.9145
-18.430499999999995
-21.374999999999986
-16.728499999999997
-22.032999999999994
-17.319000000000013
-25.573499999999985
-22.79100000000001
-17.718500000000002
-28.325999999999993
-17.53100000000001
-41.486000000000004
-22.277000000000005
-20.696499999999993
-22.483499999999978
-25.861500000000024
-21.934500000000032
-17.239000000000008
-25.916999999999987
-29.060999999999996
-34.56200000000001
-18.093000000000004
-26.365499999999983
-19.323
-15.425000000000006
-24.625500000000006
-19.149
-31.68449999999999
-31.7755
-34.957000000000015
-18.591500000000003
-16.686500000000006
-16.936
-20.071000000000012
-25.71900000000001
-18.05350000000001
-17.59299999999999
-17.749499999999994
-18.840999999999994
-31.71750000000001
-21.69149999999999
-17.936999999999998
-17.559500000000003
-16.12300000000001
-18.86899999999999
-17.154000000000003
-16.031000000000006
-23.03099999999999
-19.381000000000007
-20.912000000000017
-16.606499999999997
-28.2985
-22.402999999999984
-26.006000000000007
-19.170999999999996
-15.904500000000004
-17.314
-19.430999999999994
-18.506999999999994
-24.24100000000001
-31.02649999999998
-26.801499999999997
-34.064
-19.419000000000008
-17.26700000000001
-26.741500000000006
-26.573500000000017
-33.21600000000001
-23.53850000000002
-17.271000000000008
-20.410500000000003
-24.335500000000007
-27.828000000000014
-17.27850000000001
-24.334999999999994
-16.785999999999994
-24.75200000000001
-24.336499999999997
-18.264500000000005
-24.317
-23.219499999999986
-21.64550000000001
-36.292000000000016
-16.18050000000001
-21.125000000000007
-16.007500000000014
-19.794999999999995
-25.534500000000016
-19.623500000000003
-19.364499999999996
-31.984500000000015
-18.67250000000001
-33.87649999999997
-28.655499999999986
-24.960499999999993
-26.404500000000017
-17.507500000000004
-19.326500000000003
-29.71400000000001
-22.432500000000005
-18.980000000000004
-17.979499999999998
-20.723499999999998
-19.617999999999988
-18.262500000000017
-31.1805
-37.832499999999975
-29.202
-29.917500000000015
-17.900500000000008
-18.349000000000004
-16.069499999999984
-14.944999999999997
-13.9635
-33.659000000000006
-18.656500000000005
-18.08099999999999
-29.74899999999999
-24.206000000000014
-23.086
-20.020500000000006
-22.769500000000015
-18.6745
-24.19749999999999
-42.8335
-18.12200000000001
-17.490000000000002
-11.231
-22.258499999999998
-28.867499999999993
-27.406999999999996
-24.36750000000003
-19.146500000000014
-24.807000000000013
-24.50950000000002
-19.66150000000001
-25.629999999999995
-13.846000000000002
-22.242500000000007
-27.644999999999996
-17.468000000000004
-23.350499999999997
-17.649000000000008
-23.146000000000022
-24.88950000000001
-19.678500000000007
-30.137000000000015
-27.352500000000017
-19.584000000000003
-24.62549999999999
-27.415500000000016
-21.44450000000002
-16.64550000000001
-21.087999999999987
-18.02549999999999
-25.426499999999987
-16.836000000000006
-24.7305
-18.64
-18.651999999999994
-20.03650000000001
-18.862499999999986
-16.814000000000007
-18.97150000000001
-31.97799999999998
-31.51299999999999
-16.812
-22.40150000000001
-22.866000000000007
-25.825999999999997
-23.304999999999982
-22.06799999999999
-25.386499999999998
-21.167000000000012
-21.979499999999984
-16.5385
-20.530499999999986
-22.727000000000015
-25.777000000000008
-20.963000000000008
-19.432000000000013
-17.463500000000003
-25.7045
-22.665000000000017
-16.988000000000003
-19.303000000000015
-17.630500000000005
-16.45849999999999
-17.888499999999997
-15.307500000000001
-19.251000000000012
-20.907500000000024
-18.525499999999997
-24.40449999999998
-29.31050000000001
-24.87700000000002
-27.084000000000007
-17.49750000000001
-25.093499999999988
-23.574999999999992
-18.865000000000016
-18.979000000000017
-30.12800000000001
-19.500500000000006
-20.931999999999988
-19.99550000000001
-18.399499999999996
-28.245499999999996
-13.0505
-19.192000000000018
-14.954
-18.941999999999997
-20.105500000000013
-18.406500000000005
-19.556000000000004
-24.182000000000013
-30.89449999999998
-27.72050000000001
-19.14
-20.11000000000002
-18.620500000000014
-26.933999999999997
-18.695499999999996
-19.971000000000014
-16.105999999999998
-21.709999999999997
-16.451999999999995
-18.01249999999999
-28.357500000000005
-32.81600000000001
-16.727500000000013
-23.328
-17.146999999999995
-20.935499999999998
-23.830000000000002
-22.1375
-23.13800000000002
-17.284
-16.2875
-21.448000000000008
-25.344
-22.442000000000014
-18.689
-22.404500000000002
-14.3415
-21.01749999999999
-15.689
-32.45199999999999
-16.499
-15.225000000000009
-17.19250000000001
-18.324
-17.414
-25.571
-17.887999999999998
-24.714499999999987
-16.74000000000001
-17.126500000000004
-17.322999999999993
-14.811000000000012
-24.523499999999988
-22.46000000000002
-27.405499999999982
-17.52450000000001
-21.445000000000014
-25.100000000000012
-44.77349999999996
-16.548499999999997
-19.97000000000001
-18.827000000000012
-15.968499999999985
-16.0535
-34.50950000000001
-21.931499999999996
-29.1125
-26.811500000000002
-18.60950000000002
-16.787000000000006
-19.364000000000004
-14.99300000000001
-23.638499999999983
-32.28900000000001
-20.582500000000017
-20.21799999999999
-16.9105
-22.563500000000012
-22.134500000000003
-21.620999999999995
-15.32999999999998
-15.402500000000005
-19.769500000000015
-25.256499999999992
-18.507000000000012
-20.593000000000004
-27.43749999999999
-17.760500000000008
-31.10499999999999
-18.437
-26.02849999999998
-18.965999999999994
-23.706000000000007
-16.854
-15.765
-30.322500000000005
-27.219999999999988
-22.02349999999999
-20.38200000000001
-17.83300000000001
-18.67250000000001
-23.258999999999983
-14.759500000000003
-21.8455
-21.377000000000002
-26.125000000000025
-24.019
-29.418499999999998
-26.622499999999995
-31.714500000000015
-21.66400000000001
-15.867499999999996
-16.236
-15.887500000000008
-22.918000000000006
-19.590999999999994
-21.016999999999975
-20.790000000000017
-29.874
-36.061
-34.83150000000001
-21.498500000000003
-20.72599999999998
-24.3495
-19.10949999999999
-25.166500000000017
-18.401500000000016
-18.02600000000001
-26.191000000000003
-16.848500000000005
-15.56450000000001
-28.924000000000014
-16.658499999999997
-32.058499999999995
-25.585500000000003
-29.630500000000012
-18.961500000000004
-22.41049999999999
-17.381999999999994
-28.342500000000015
-28.67949999999998
-24.082000000000015
-19.078000000000007
-24.695499999999996
-23.01299999999999
-17.996
-21.99799999999999
-17.623500000000003
-30.114500000000003
-23.14249999999999
-27.456000000000014
-25.409000000000006
-20.690000000000005
-16.2825
-18.77449999999999
-23.201500000000003
-16.57
-19.913999999999998
-21.659500000000005
-16.005499999999998
-16.517999999999994
-21.012500000000024
-15.535
-17.804000000000006
-39.86850000000001
-19.287000000000027
-16.945000000000004
-20.96650000000001
-19.50200000000001
-25.60400000000001
-24.12499999999999
-16.578000000000003
-15.706000000000005
-15.568500000000004
-22.153
-23.922000000000022
-24.888999999999985
-23.738499999999995
-22.07149999999999
-16.791000000000004
-17.008500000000005
-16.21
-21.115000000000002
-19.260499999999993
-15.032999999999996
-22.302000000000007
-18.086000000000006
-17.83
-26.12300000000001
-19.02050000000001
-19.185499999999994
-26.417999999999985
-21.109499999999997
-20.403000000000013
-19.793500000000012
-14.754500000000013
-16.35549999999999
-28.276500000000006
-24.0795
-36.210499999999996
-22.93199999999999
-18.307
-19.069499999999987
-23.872999999999998
-19.703499999999988
-18.716500000000014
-14.830500000000008
-14.897000000000006
-29.24099999999999
-29.920999999999992
-20.84550000000001
-16.589
-17.947999999999997
-10.083999999999998
-28.308499999999984
-17.484000000000005
-19.481
-16.360000000000007
-24.098999999999997
-27.39450000000002
-16.07500000000001
-17.829000000000022
-16.610000000000007
-13.098500000000001
-25.31849999999999
-16.050500000000003
-16.36
-16.835000000000015
-22.78650000000002
-20.741999999999997
-16.997000000000003
-16.0605
-23.897000000000002
-16.7235
-18.330000000000005
-17.668999999999997
-16.573499999999992
-29.364499999999982
-27.20250000000002
-15.571999999999996
-18.93700000000001
-21.544000000000008
-21.385000000000005
-17.06599999999999
-15.857000000000012
-23.194499999999973
-28.639500000000005
-29.24
-16.511999999999993
-17.022000000000016
-15.004000000000012
-16.787
-19.24399999999999
-15.252500000000003
-15.697500000000005
-19.528999999999993
-25.111499999999996
-16.848500000000005
-17.053000000000004
-17.567000000000014
-10.154500000000002
-24.307000000000016
-23.053999999999988
-20.027000000000008
-37.60249999999998
-33.135999999999996
-19.07949999999999
-22.760500000000008
-26.088500000000003
-25.16500000000001
-20.550999999999995
-23.85200000000002
-17.9635
-25.287000000000017
-24.576499999999996
-25.659000000000002
-19.0875
-16.3005
-23.438500000000012
-22.9205
-17.764000000000014
-19.933000000000003
-30.139999999999986
-23.06650000000001
-18.602999999999984
-18.841499999999993
-19.061000000000014
-18.85700000000001
-21.74650000000001
-17.2855
-22.12300000000001
-34.32350000000002
-14.490000000000004
-17.870500000000003
-16.0375
-18.717500000000015
-35.21200000000001
-23.677500000000027
-19.310500000000022
-20.727999999999998
-29.42349999999998
-18.856500000000022
-20.0765
-24.589499999999997
-21.546499999999995
-15.298500000000004
-20.371000000000016
-21.174000000000007
-20.16899999999999
-22.756000000000004
-27.645
-16.770500000000002
-37.75200000000002
-21.621500000000022
-26.09150000000002
-26.282500000000017
-16.641499999999994
-24.034500000000016
-23.520500000000016
-17.974500000000013
-19.006000000000004
-25.947000000000006
-21.831499999999995
-16.949499999999986
-20.527000000000008
-15.4445
-16.588
-21.983500000000035
-19.147500000000004
-24.829499999999996
-17.34100000000001
-24.173500000000026
-30.088499999999986
-23.518499999999992
-16.671500000000005
-17.583000000000002
-19.77950000000001
-17.078
-17.077000000000016
-17.254500000000007
-17.187999999999995
-16.9775
-19.96000000000001
-27.746000000000002
-20.63150000000001
-24.90749999999999
-23.323999999999987
-19.052500000000013
-20.563000000000024
-18.53350000000001
-16.48200000000001
-18.857
-32.562
-16.868999999999996
-35.276500000000006
-19.24600000000001
-20.359499999999993
-22.13900000000002
-18.8125
-18.6175
-14.926500000000004
-22.21750000000001
-22.909500000000023
-23.356500000000025
-22.218500000000006
-24.286999999999992
