0
10800
14400
14900
14500
13200
13400
14800
8300
13600
10200
14200
15600
12900
15800
14400
14900
13900
6900
13800
14300
14700
14500
11700
13800
9800
14900
13600
14100
13600
10400
13700
15900
9400
14500
14700
14900
15700
13400
14100
7800
13900
14500
15600
14100
13200
15200
15900
16300
15300
13800
14300
15800
12800
14500
14000
13700
12000
4300
14400
14600
14100
13700
13800
14100
14500
13700
14900
13700
13600
14200
14500
13900
13300
17800
15700
14300
14700
14600
7100
15500
15800
14900
10700
14000
15400
14700
14800
16000
13700
14900
14200
13800
14600
15000
13600
12200
1500
13900
16400
12600
13700
13700
13600
7500
2800
13500
14600
13400
15700
14400
14000
15300
15800
13800
14500
12400
15200
15000
14000
14000
14300
14500
13500
13400
14700
15000
14700
13300
13400
13900
14700
14100
15600
16000
16000
13200
15000
6900
14100
13800
13500
13700
15300
8700
13800
14000
15300
14700
13900
13500
13900
13600
13500
12700
14300
13900
14800
14200
14000
11800
13500
13000
12800
14700
10400
14400
13800
14200
13300
15300
13100
13600
13800
13100
15000
13900
4900
13400
13900
13900
13600
13000
14600
13600
14500
14300
13000
15000
14400
15500
13400
15000
15800
14500
14600
6700
13000
13600
5300
15400
14200
14600
12800
13100
14500
13700
7500
15400
14500
15300
15300
14600
15500
15000
13800
14700
13700
14800
14900
14800
13600
15400
13600
13600
13300
7000
12700
15000
5400
16100
11900
14800
15400
13200
14300
14000
14300
12800
14700
14500
12600
14700
13600
13400
15400
12800
13900
13700
14000
13200
6200
14900
13900
13900
6900
13400
14400
13700
14400
14900
15000
13900
15500
13300
15500
14800
14900
13900
13300
14300
7100
14800
14700
15400
13500
15500
12600
13100
13400
13900
14500
14400
14200
13500
12600
13900
14100
14700
13900
15200
16000
15000
11300
6600
9800
7400
15800
14000
14300
15900
12900
13500
13400
14400
14300
14100
13900
14300
13500
15500
13700
15100
13900
13300
17700
13300
14200
13800
13500
13200
13800
14500
13400
14600
9600
14900
7400
8600
15600
12900
14300
15400
16100
12800
14000
14200
14300
12800
14500
15700
15500
14700
15200
14600
14300
14200
14800
14300
13700
13800
14900
13600
7000
16000
14000
14400
11900
15700
13800
14600
15200
14000
13100
13800
13500
14000
13800
14200
14200
14100
14600
14300
13700
14000
14700
14200
13500
10900
13300
13400
13800
14100
13400
14300
12700
14500
12400
13700
14700
13800
14800
15200
13400
14600
13600
15900
15000
16800
14300
13000
12900
14900
14300
15200
15400
13300
14900
14400
15100
13300
6600
13200
13300
13700
14700
15500
15200
15200
13500
13600
14100
14100
14800
14500
13600
14300
14100
13600
14900
13700
7100
13900
16300
15400
14200
12800
13800
7000
15400
14700
16000
14100
15200
15500
15000
14600
13800
9700
14800
13800
15900
15900
14400
13600
14500
10000
14100
14300
12600
13200
14400
1000
14300
13500
13900
15300
14000
14900
14800
3400
14400
13000
15600
16400
12800
13600
14900
15300
10400
13900
5100
14200
13900
12200
15400
15100
14200
16200
14000
13100
14600
13700
14000
14200
16500
14100
14600
13500
14900
14700
12600
7200
13500
14300
15100
16000
13200
14500
14000
13800
14500
13300
14500
13400
13900
15100
14600
15000
15200
15700
16000
13300
15200
14800
15000
13800
14200
13400
15200
14500
14200
15800
15300
3200
14300
15300
13700
14700
14900
13100
13900
14100
14500
14600
13600
14100
8000
16700
13500
13900
14800
12800
14200
15300
13200
12400
13900
14700
14800
13800
14700
15900
13700
12800
14300
14700
15300
9900
14500
15500
13900
13800
14800
15600
14400
13100
16000
14300
14900
13800
15300
13400
14400
14800
12900
8500
15200
15400
14000
15500
15300
4600
13600
14700
4400
13400
15900
14600
15300
13700
14400
14000
13300
14100
14600
13800
13000
15100
16500
14600
15600
14500
15600
15500
15900
15900
13400
16400
14100
14800
14800
13800
15100
15100
15300
15900
14400
14000
15000
15500
15300
15300
13800
15500
14500
14800
13400
14300
14800
14900
13100
15100
15100
14300
14600
14500
13900
13700
13000
10800
14500
14200
11900
12500
14700
14700
15300
17400
15800
16800
14500
16400
13100
15000
13900
13700
8200
13300
13800
13700
14900
14000
14300
15100
15100
15000
15000
14800
15200
13000
15000
14400
13200
14400
14100
14800
14300
13900
14600
13600
13400
16600
12300
14200
13400
3800
15200
14600
14000
14600
14100
13500
13800
15500
14100
14000
14500
13200
15300
14100
14100
15400
13800
14200
15800
14100
14300
14300
14900
15400
15700
14800
14500
13900
14500
13500
12500
15200
15600
15500
14600
13000
13200
13700
12800
12600
13800
14800
14900
15300
14600
13500
13100
14200
14000
14400
14200
9100
14200
14600
14900
15700
15500
15400
15400
13300
14500
15300
14500
13800
14800
14200
5300
15100
14500
15900
14700
13300
15900
15100
7500
15200
15500
15500
14700
11700
14600
14400
12600
13400
6700
13200
14100
8700
14600
13400
14900
8900
14200
14700
15900
15600
7500
15900
14000
15200
15200
14200
12800
14200
13700
13900
16400
15600
14000
14000
15800
15200
13700
14100
13600
10000
13700
14400
13000
15300
12600
13700
15500
14000
13600
13700
14800
12900
13100
13400
13800
14700
12900
15000
15300
14200
10400
14200
16000
14000
15400
11300
14400
14100
16800
15300
13900
6100
16400
14600
14400
14300
15100
14400
13200
15700
14500
14600
14900
13600
15500
14200
16200
14800
14800
15600
13800
14300
14300
15500
13800
15000
14800
14400
16200
15400
13700
13200
11500
13500
14200
15300
14400
14000
13500
14400
10500
13900
13800
13100
13800
13700
12900
14000
14400
14600
13200
14500
15100
14200
13800
13800
15000
15400
13700
15300
14200
13700
9500
13400
13500
13800
14500
14500
13900
14100
13900
13500
13800
14700
15400
6000
4000
13100
15300
11400
14500
15700
13100
14700
9200
2700
15000
14500
14300
13300
12400
14300
14200
13500
14700
14100
14900
14000
12800
2300
13700
15500
13600
13900
4900
7800
15100
15300
14500
13900
14400
6300
14400
4600
13900
15200
13600
15300
14200
13500
5700
14100
3200
15200
13000
14900
13000
15500
14100
17000
16100
15200
3200
12600
15000
13200
13200
14300
5500
11900
13700
15100
13300
15400
13000
14200
12100
13600
14800
15300
14200
14900
14100
16000
14700
13900
14300
16200
7600
13700
14300
13400
12600
14500
15300
15000
15300
13400
14900
14400
14500
12500
14800
14200
14300
14800
13400
15000
14800
15200
14400
15500
14000
16300
12500
14300
14300
15100
2100
16600
3900
4500
14700
13100
14200
15200
14600
13600
13800
15400
13900
14600
14000
9800
14200
13100
14300
14900
14200
14800
15200
12500
13200
8400
14400
14400
15300
15100
6600
12700
13800
13400
8000
14100
13700
7000
14400
11300
14100
13800
5700
13700
14800
15800
14000
2300
14100
5800
15000
15200
14700
11900
14600
13400
14300
14000
15000
14700
14000
14900
15000
14100
13500
13600
13900
15100
14500
14300
14600
15300
15200
6100
14300
15500
15700
14300
12700
14500
14200
15800
16200
15300
14400
14500
13600
14300
15500
14900
15900
11500
14500
16700
13400
6200
13100
13800
700
13700
16400
12400
9600
14900
13200
15500
14100
14700
14400
14000
14100
13400
14700
11500
14900
14600
6500
16700
13900
14900
14000
13700
13300
15000
14200
15100
12700
14000
14800
15800
13700
14700
14400
10000
14700
14200
13900
13600
14200
13500
11100
14900
14000
13700
14800
14100
15200
12900
13800
11800
4000
14200
14100
14300
14100
9700
13800
14700
13400
15400
12800
13400
16400
13700
15800
13900
15800
9200
12700
13100
14400
14300
15500
13800
8100
14800
12900
14800
13300
13300
16200
15900
13800
14300
16900
13700
13600
12900
12000
15100
16100
14800
14800
15200
14400
13500
14200
13600
14600
16200
14600
14000
15400
14700
13900
17300
14700
14400
15700
15400
6400
13200
14000
14700
14600
14800
15500
13900
14700
14100
14100
13800
16400
15900
8400
13900
13900
15400
14700
15500
13500
6800
15400
15200
15000
14300
14000
14200
13400
1000
7800
13800
6700
17500
13400
14900
13900
15000
16300
13400
15400
14200
12500
14100
14900
16300
13800
14600
15400
14600
13600
15300
14200
7100
14600
13500
15000
12200
14000
13400
14000
15100
10700
13200
13200
12800
2900
13900
14800
10900
14600
14800
15300
13100
14300
13000
13600
14200
15400
14300
13700
13100
14700
14600
13300
13800
14100
15600
14800
13900
15200
13500
14800
14600
11600
13800
15500
15000
3800
15100
14900
3800
13700
10600
15300
14700
13600
13000
14500
14400
14200
14400
13900
12500
14900
15000
14200
14600
15100
5100
13700
13000
13900
14700
13500
14500
16500
14000
13300
14800
15800
14900
16000
15000
14300
14000
13200
14800
13700
14200
16400
12500
14400
13400
13700
14100
15200
12600
15700
13100
14100
14000
14100
13700
13900
14900
14700
13700
15300
13800
9900
14600
15400
15100
14900
14800
14000
14500
15900
15000
14200
13500
10800
13700
15900
15200
13500
6200
14200
15100
14900
15600
16200
14000
16300
14100
14400
13600
13600
15900
14600
17700
14100
14800
14600
14100
14900
15500
15600
13600
14900
9500
14200
13700
15300
13700
15300
14700
13800
15700
14700
12800
14200
15600
15200
9200
14900
5700
14100
5800
15600
14800
13800
14700
16100
15700
15000
12600
7200
15600
17100
11000
13400
12600
15800
14900
14400
-300
12900
15600
10800
13800
14900
13500
12700
15300
15300
15800
7400
14300
16800
15100
13600
13300
14000
14200
17500
14000
14100
14500
14600
15100
15400
13500
3500
13000
14100
11800
13500
14600
13700
13900
13900
15800
14000
15700
13200
14800
14900
15200
15700
15100
13800
14600
15000
14700
14400
14100
15800
16400
13700
16200
13100
14200
13300
14500
13200
14900
13800
15200
14500
14200
12400
15200
13900
15200
16500
6200
13500
14200
14600
14600
15000
16600
14400
14000
14100
14800
15100
16800
14100
14800
13900
15900
15600
16000
13000
16100
16200
13800
12300
16800
14600
14300
15700
15300
14000
15200
14200
15400
13700
12000
7600
14000
17100
17900
13800
17300
15900
15400
14600
6600
15000
14700
15000
14900
14000
13400
13900
14400
14300
14200
13600
15100
15000
14200
2900
16100
14500
13700
14800
13800
14300
15200
11100
14000
13000
15700
14600
14600
15300
13400
15400
14000
14200
12300
14700
14800
13800
14900
11800
14200
15700
14300
14800
13400
15300
14000
12900
5800
14600
14100
4100
16200
14000
14600
13900
14000
14500
14000
14700
14000
15600
15500
6000
15000
10500
14500
14100
13900
13600
15200
14300
4600
14600
13900
14300
13700
13300
15200
14500
14600
15000
13800
16100
12800
15500
11000
15000
14800
14200
14000
14700
14600
13700
15700
15100
16200
15700
15900
14800
15400
15400
13700
14300
14500
13800
14600
16700
14600
15000
13900
12600
13900
14400
13300
12700
16000
14300
14900
15700
15300
14300
16500
15200
15000
15200
14100
16400
15600
8900
15100
14200
15000
16300
13400
15300
15400
14600
15100
15500
14300
15600
13200
14700
14300
16700
15500
15300
5800
14500
14400
13100
15100
14100
9800
15700
15100
12900
13900
13900
15700
10200
14400
15500
14700
13800
15400
17600
14400
14500
15600
15200
15200
15000
15800
14600
13500
14500
14900
14100
14600
13900
14800
15400
13400
11500
16900
14500
15000
15100
14600
15000
13300
14500
14500
14100
14000
13700
14000
14000
14900
13400
15000
14800
12800
14400
13400
12600
14100
1200
15400
16200
14700
14900
13400
14300
13500
15500
6400
14500
14300
15000
15500
14700
14500
14400
13700
14400
14900
13800
15200
14300
14700
14400
14400
13400
14200
14300
14800
15200
15300
13200
14200
10400
13600
5300
14100
15300
14000
15500
15000
13700
13400
5100
13900
17300
14300
15000
15700
14000
14000
16000
14000
14300
14300
15400
17100
15700
15100
13900
14300
13900
13500
14000
14200
14100
14300
13800
15700
13400
13200
16100
13600
13300
11900
15100
14600
15700
14200
13900
14000
5800
15000
14700
14500
10500
13000
14800
13100
15200
15000
14400
13900
14500
13800
13600
14800
17000
15800
15200
14800
14200
14300
15300
14200
15000
15100
14700
14000
16200
15600
14300
14300
12800
14800
14100
14500
14600
14900
14000
14000
13700
14700
14000
12100
14800
15000
14000
16800
2200
14000
13700
14600
17200
14800
15400
14300
14100
15500
14300
15300
13900
13300
13800
14800
16400
14400
16500
15700
13600
4000
15400
14300
13400
14100
14600
13800
10900
14700
14100
15800
3800
15200
14100
13800
15200
14100
15200
15400
15900
14100
16000
15100
14600
13200
15400
10300
14700
15500
14100
14300
13200
16500
13600
14800
13400
14900
15700
14100
13900
13000
14900
16500
14300
13300
15400
14600
15300
16400
15100
14100
15100
11300
14900
14400
13400
13800
15900
14700
14400
17100
13000
15900
2900
14900
14100
14200
14100
14000
14200
16100
16400
14600
15100
13300
14000
14800
15700
11100
14900
15200
15500
15800
14800
15000
16100
14000
15000
14500
15600
15400
13700
14300
15400
13700
14600
15200
14400
13200
15800
14200
15400
14300
13800
9500
15200
14900
13500
15700
12300
14000
15700
14600
14600
14200
14900
13400
15000
14600
15800
6500
13100
16600
14100
14600
13300
5400
15400
15800
16300
7500
15100
13900
4800
14700
13800
17100
13500
16900
3900
15800
16500
14400
14500
14300
14900
14400
13700
14000
14500
15000
16000
13500
9800
14700
13700
13600
16500
15400
13700
14000
14300
14400
14600
14700
16900
14600
14500
14900
14200
13600
14600
14300
14600
9800
14700
15000
16300
14400
14000
14500
16500
14200
14500
13900
14100
7300
13900
4000
14600
15200
13800
15700
15000
15700
16200
16200
17400
15200
15500
14600
15300
13700
15200
13000
15500
16500
15400
13600
16400
5200
14900
17000
15400
17400
14300
15900
15000
13200
14100
13400
15700
14300
13800
3800
16300
14400
14400
9900
14900
12200
14000
14200
14400
15800
15400
13600
14900
12900
16600
14200
13100
15400
12400
14200
15800
14800
12600
12700
7600
14200
13600
13400
14000
13900
14600
15300
15900
13500
15700
14000
15100
14500
11900
14200
13700
14500
14900
15000
14600
13300
14100
13100
14400
14800
15400
16100
13900
14100
14600
9100
15900
13700
14500
13500
15600
14300
16100
13900
15100
14800
14300
10300
14700
15100
14800
14700
13300
13900
12600
1900
14800
14900
15600
15100
14900
13300
14300
14000
13800
6300
13300
14000
15400
15000
14900
14700
14000
14100
13700
14000
12000
10800
14300
15700
15300
13400
14700
15100
16600
12800
15400
15300
17200
13000
11200
14200
13900
14700
14800
14800
14400
15300
15600
14700
14200
13900
7700
15000
15600
14900
3200
14900
13200
15700
14500
14200
14000
15000
15200
14200
13500
15400
15200
15400
14300
14200
14300
14000
14800
13700
7800
13500
14300
15800
15100
14300
14200
14700
3700
14200
14600
14700
14100
13800
14400
14600
14300
15000
14400
16000
14200
15500
14200
13500
13400
14600
13400
14600
15800
14500
14900
15100
14700
15300
15000
14300
15500
14300
14500
14300
13400
13500
15400
6900
14800
15100
14200
15100
14300
14800
15200
14400
15800
14500
14300
14000
15400
13700
15000
15200
13300
13500
16000
16100
15200
13600
15500
15000
14700
14500
13700
13900
14300
15200
15000
13700
12900
14300
14700
13700
13500
14900
14900
15800
14100
5500
15000
13900
15300
6700
14100
16100
14700
15900
14500
12100
14300
14900
17100
15200
14200
15100
6900
14200
14900
14500
13800
15500
14700
13800
14600
11700
12700
14400
7000
14500
13900
16300
14600
14500
14500
15000
14600
15000
14300
14200
2300
11200
15300
5800
15400
14800
14300
15600
14600
15100
12800
14500
15300
15100
13600
14700
13700
6600
15200
14700
12800
12700
16200
13500
15200
13600
13800
13100
15700
16000
14700
15700
17300
15600
14700
14100
12900
12900
15000
14100
14800
15700
15800
15600
15700
12700
16300
15200
16100
15200
14500
13700
15700
14500
15200
14600
11200
11900
13900
14900
14100
14900
14900
14200
13400
14100
13300
14100
16100
13100
13800
15100
14200
14400
14500
13900
14400
14200
14300
5000
15800
14600
5800
14700
15700
15700
13600
10900
10600
14300
14500
14800
14800
13800
12400
13800
14600
14800
14300
14600
15500
13800
15000
13900
15400
15400
14900
15000
14700
14400
14300
13700
14300
13100
15900
14900
15300
14800
14600
15000
14200
14800
16600
14100
14500
14300
15400
14100
13000
15000
15400
14100
13500
14700
15300
14500
14400
14800
13600
13600
16600
15000
16100
14400
15800
14100
13600
15500
14100
15500
15600
4900
16000
15300
14600
16700
13800
15000
15300
15400
10200
14300
15200
15300
14700
16600
14000
15300
17200
14500
14200
14500
15100
13000
15700
14800
16100
14000
14700
13000
12200
14400
13900
15100
15200
15100
15800
13100
13900
14800
15100
14400
14100
15000
14900
15500
16200
16000
13300
14500
14600
14000
15600
14000
15800
16000
3600
15700
15300
15000
13600
15400
13800
13400
14700
15000
14200
15700
13400
15700
13600
14100
16400
12600
15000
15000
16100
15600
14400
13000
14800
14600
16000
15000
15000
15100
15100
13000
14500
12700
13600
14800
15000
9600
14400
16000
13500
14500
16700
14700
15700
15900
14500
15800
15000
9400
13000
14500
14600
14700
14300
13500
13400
16100
14300
14700
14700
14400
15800
14500
15500
16200
8000
15400
15700
14100
14800
14400
12600
15900
14900
14000
14900
12600
15400
14600
13900
13900
15500
14400
16700
14100
5400
17300
14900
14200
14100
15900
15800
14400
15100
17200
16700
14800
13200
13500
14600
13400
13500
14900
13900
13200
12300
14000
4600
14500
14700
13300
14800
14300
14200
15400
13400
15000
14600
15500
14200
13700
14700
15000
15800
16800
13800
8300
14900
13100
13400
14300
15200
16800
15700
15600
15700
15100
1500
14200
15700
15400
15100
14200
13400
11300
14500
14000
13500
14500
15400
14400
4900
12900
4300
15000
5800
8000
13900
16200
13900
14600
16600
13000
13500
15400
14800
14000
14400
15000
15000
12100
15100
12900
14300
14400
14400
14800
16300
9700
13600
14500
13600
14700
12100
13400
13700
12600
3000
13500
14900
16200
14100
15100
14300
14000
13800
15700
14000
14700
13400
15700
13200
14100
14400
12800
13500
14500
14400
14200
10800
14100
14100
15500
15800
15000
14300
13500
14200
13400
14200
15100
14900
13600
13800
15300
5800
13400
14600
14400
15100
13400
4800
14300
14700
15200
13000
14100
16100
15500
16300
14300
15200
14500
8200
14500
13900
14600
15200
13400
15900
13600
15700
15500
14300
13100
15400
14500
13500
16300
14600
14000
14800
13400
13900
11500
14300
14700
14200
12000
10100
13300
15300
15400
14200
13800
13200
15500
12000
4400
16600
15200
14500
14900
14400
11100
14500
15000
17100
14600
14900
14700
12100
15700
14700
14200
14900
14000
14700
14200
15900
15100
15200
14500
15000
15500
14900
13800
14400
16800
14600
15600
13600
15600
15900
13500
9100
15600
12700
17700
14300
15400
13600
14600
13500
16200
14100
15900
13400
8200
16000
15200
14100
14400
14800
13700
14400
13800
13800
5900
14800
13300
13500
15300
13800
14400
14100
13700
13700
15800
14100
15600
13300
16300
16000
14800
15000
15200
14800
16000
14900
14600
15200
15000
13800
13200
15000
13000
15200
13900
12300
14800
15000
14400
16600
15700
14900
15300
15000
15500
16000
14500
15700
14800
13800
15100
14000
14300
14700
13900
12400
15600
12500
13000
14700
13700
15100
10600
16900
15500
14600
15400
7000
14200
14200
15200
14800
17500
14300
15600
14300
14000
11400
14700
16600
14200
16000
13900
11700
13000
3900
15200
16100
14700
14300
13400
11000
14100
14500
6500
13400
15900
13800
16300
14800
14500
17200
14000
13200
13900
15000
14400
13200
14600
13200
8700
15600
14800
13200
15900
13200
14200
14400
14400
15500
9000
14500
13000
15600
14700
13900
13900
14100
14200
15900
15500
14100
14500
8800
8500
14300
15200
4600
13900
13600
10800
14500
15600
15700
13900
14900
16300
14400
8100
15100
14800
14900
13800
14800
14100
15600
13800
13300
14600
14300
17000
16400
16400
13700
14400
15100
14700
14300
15000
14400
7000
15300
14400
15500
14200
13500
15200
14300
15300
2300
14000
14600
16200
16200
13700
15400
15800
13900
14700
14200
3300
16700
13700
14200
14700
14700
13700
14600
14100
4200
14700
13300
9200
14000
13500
14500
7800
14600
14400
13900
14700
15600
15800
12300
14900
15000
15200
14300
13900
14700
14200
15100
16000
14200
13600
14600
14900
14200
17400
14600
13600
13700
14200
16300
14700
12700
14300
12500
10500
15400
15400
8500
14400
16200
14300
13600
14200
13800
15900
15900
15700
15100
14600
15000
14300
15700
1300
15600
15800
13700
14100
14000
16600
14200
15100
15700
15600
13400
15400
8100
13900
15500
13300
15400
15700
13900
14700
14300
5600
9800
13800
14600
8200
13300
7900
14100
15100
15800
2000
12800
15100
14200
16500
15300
15100
15700
15200
15700
13800
14200
16200
16700
6600
14600
14000
15400
13700
13800
14400
11600
14000
14700
14800
13500
15900
14700
13800
16700
14100
14800
2300
15300
15000
14000
13500
14800
14100
13600
17400
9500
7000
14700
5000
15100
15200
13800
15800
14500
14800
14800
16300
14700
14000
15100
15900
14000
12700
14300
14800
13900
14500
14600
13200
14100
15800
15500
16500
15800
14200
6700
13700
17600
15400
11100
14700
14900
16700
14300
15500
13900
10900
16400
14500
9400
13800
14000
0
13800
13400
16900
16100
14000
14000
14700
13700
15000
14900
14100
16000
15500
15000
14900
13400
14700
14400
14400
15100
14300
15100
13400
14500
14700
14400
14300
13400
16100
14800
13400
15000
14200
14400
14400
13800
15300
14300
15300
14100
14400
13700
7900
13100
13600
13900
14800
14900
13100
13600
16100
14900
15500
15300
13900
18300
13600
14700
15100
14700
15600
14900
15700
15200
15500
13600
15900
15300
14900
15000
14100
17300
13100
13300
15000
14900
14900
17500
15300
15200
13200
14400
14700
14800
15700
14300
13800
14500
14500
14100
14300
14400
14900
16200
14700
6500
15000
14200
15600
6100
14100
15200
15300
15300
13000
15700
14900
3800
14900
17200
14900
13700
15300
16100
13700
14900
15900
14700
13700
13800
14400
12600
12400
11800
14800
15000
17100
16600
14500
14300
13800
14100
15200
13700
14200
15200
16700
16000
13600
14700
14900
14500
14100
14500
15100
14200
15200
14700
13500
17000
13300
15100
14300
14000
15200
14600
14300
14800
14400
8900
16300
13900
16300
15700
16100
15300
14300
11800
15000
14000
16800
14700
14100
16500
15600
12700
14200
14600
13400
14200
13900
16600
15400
13300
14200
15400
13500
6900
1800
13900
14300
14400
15400
8900
12600
15900
13800
15200
7700
14300
16600
14700
14500
14300
14900
14100
15300
14000
10700
14400
13500
15700
13400
13300
14800
14700
14800
13900
14900
14900
15000
14700
13700
14000
14500
11400
15700
14900
16800
14000
14400
14100
13600
15200
14800
13800
14100
14000
15800
15800
14700
15200
15400
13100
14700
15800
13800
16200
15100
14600
15700
14300
15300
14600
14500
9200
15900
14300
16000
13600
14400
15300
14700
12500
14000
13200
14300
15200
15000
4000
14400
3300
13900
14100
15800
15100
15100
11500
14100
14100
13900
13700
14300
14500
14400
13500
14800
14200
14100
13400
14000
13700
13800
14600
14500
15500
16100
13400
14200
14800
14600
15300
14200
14700
14300
4300
14700
18000
14300
13500
14800
14100
15100
13800
13800
13400
13900
15500
14400
13500
14800
9800
15200
14800
16100
12800
14100
13700
15900
15100
14400
13700
14700
14300
14500
14800
14800
15200
16100
14700
12500
15200
13400
15700
14500
4800
15600
15000
13800
14100
15100
14400
14400
14600
14600
14800
16300
11900
16200
15700
13900
15700
15700
16200
15200
11500
14400
15900
15100
15600
15400
15200
15700
15300
15200
14200
13500
14200
14000
14400
14800
14900
14700
13700
16500
14800
13900
14900
14700
14000
15700
14000
13400
15300
15500
14700
14800
11800
15600
15400
12500
15000
14400
14000
12000
14000
14000
15100
14900
13700
16000
13700
11000
16400
13400
12300
16000
13300
15300
7600
14600
15700
13600
14800
15500
14400
15600
14200
13400
15200
14000
14300
14300
14800
14900
16400
15400
14400
16400
14000
15300
15400
13200
14000
5700
14400
14800
15100
15700
15000
4100
14800
16400
14300
14800
15100
13700
14500
14800
15100
9000
17000
13100
15100
15200
16000
14500
13600
14600
14800
13400
15200
14600
14100
14900
13900
15200
14800
16100
14300
13100
15000
3200
15500
12900
14600
15800
6800
13200
14900
14200
14500
4400
13200
16600
7100
14700
15000
13900
15000
14700
14300
15200
16500
15200
15200
15300
16100
14600
13900
15000
15100
13900
13600
14500
14800
15800
13900
15600
15700
15400
14900
14600
15500
13100
12900
15300
15000
14300
1000
14500
14100
4700
13600
17000
13900
14600
17000
14900
14700
14800
15100
12500
15800
15300
14600
14700
14300
15600
14600
14800
14000
15700
15300
14900
16700
15400
15400
14500
15600
13800
3800
15300
13800
14400
13900
14800
14200
17000
16500
14300
14700
15600
15300
15400
14300
15300
15100
14600
15600
15500
13600
16400
14400
16400
14600
16400
15400
13500
15100
11600
13100
14000
13600
15600
15900
14400
15700
14300
15300
15100
9400
16700
13500
16400
15400
14400
14500
15000
13500
16300
14500
14600
15000
13500
13700
13500
14500
13800
16100
15700
13400
15200
14800
15200
15100
14300
15400
16100
15800
14100
15300
12600
13700
14800
