0
-153.149
-238.01599999999993
-195.028
-149.46799999999996
-177.91199999999992
-140.93800000000002
-186.46999999999983
-218.42050000000023
-280.99050000000017
-341.3780000000001
-245.1070000000001
-212.34900000000007
-283.4520000000001
-269.11249999999984
-194.48100000000008
-210.35049999999998
-171.772
-160.24699999999999
-192.588
-198.4205
-251.74100000000007
-222.32299999999998
-172.93499999999992
-183.06800000000024
-231.72800000000007
-182.2784999999999
-245.12149999999988
-164.38499999999993
-192.63300000000007
-182.39300000000003
-293.37100000000027
-218.4754999999999
-299.37
-171.70250000000001
-153.35999999999987
-245.47150000000002
-256.93049999999994
-307.0404999999999
-166.5714999999999
-193.84299999999988
-189.2895000000001
-218.77350000000013
-212.1804999999998
-206.11599999999981
-163.51650000000015
-281.1150000000001
-175.10549999999998
-229.91549999999998
-217.61899999999991
-148.779
-173.91449999999992
-258.09949999999986
-175.4825
-192.14900000000014
-155.58399999999997
-170.3025000000002
-191.61299999999997
-202.6380000000001
-166.87849999999992
-162.72500000000005
-188.4934999999999
-194.3045
-133.93249999999992
-162.12650000000002
-184.25000000000026
-226.5524999999999
-368.7969999999997
-137.15750000000006
-268.8004999999999
-182.3975000000001
-297.2394999999998
-235.1225
-208.91349999999986
-180.9275
-366.01500000000004
-142.66299999999987
-165.31300000000005
-190.6045000000001
-207.0955000000001
-140.74899999999997
-174.64700000000002
-215.38950000000003
-140.57199999999997
-213.11349999999996
-168.6820000000001
-200.88000000000014
-208.86000000000016
-248.02450000000022
-249.4379999999999
-297.9619999999999
-197.42750000000004
-165.59
-169.78850000000003
-158.25900000000001
-166.63199999999998
-186.30200000000008
-283.5995
-245.07200000000003
-178.07549999999995
-349.87199999999973
-240.2090000000001
-319.9135
-216.82599999999988
-250.7674999999999
-161.60449999999997
-139.9089999999999
-173.57000000000002
-185.468
-246.8415000000002
-296.215
-161.6925000000001
-154.99150000000012
-169.1105000000002
-181.7469999999999
-158.23499999999996
-202.23600000000013
-187.83950000000002
-262.20499999999987
-130.37
-228.89299999999994
-172.843
-222.353
-160.01550000000003
-188.53000000000003
-155.61500000000012
-190.74299999999994
-258.7745
-142.615
-215.20150000000032
-231.80700000000007
-230.92049999999995
-317.29349999999977
-164.58649999999997
-206.39150000000015
-243.80150000000012
-235.32350000000008
-164.50049999999996
-229.0644999999999
-283.3845000000003
-198.12600000000003
-175.7845000000001
-226.49799999999982
-341.49350000000044
-183.2304999999999
-183.70550000000003
-231.2185000000002
-322.4300000000001
-340.7344999999999
-176.00600000000009
-149.82349999999997
-165.30000000000007
-179.16999999999993
-189.1559999999999
-246.93749999999997
-130.47200000000004
-222.75849999999988
-351.5619999999999
-169.87599999999992
-207.825
-241.39399999999986
-360.2039999999998
-268.9849999999999
-222.63099999999997
-237.85200000000034
-213.73449999999997
-227.09199999999993
-349.9610000000001
-320.43899999999996
-153.328
-165.11150000000026
-290.59499999999997
-170.684
-152.72849999999994
-173.85550000000006
-224.00349999999997
-297.79800000000023
-306.3770000000003
-224.33250000000004
-199.13300000000015
-84.74300000000002
-290.17799999999977
-267.45650000000006
-156.21399999999994
-236.48100000000002
-169.15450000000013
-242.9675
-197.34800000000004
-170.32099999999994
-191.838
-329.3129999999998
-303.4409999999997
-286.58399999999995
-161.85150000000002
-190.73900000000015
-176.19749999999985
-262.1785
-218.6245000000001
-210.97300000000016
-161.4455000000002
-214.8199999999999
-239.8875000000002
-201.0549999999998
-280.44850000000014
-146.85649999999993
-180.77849999999998
-281.5179999999999
-187.66349999999989
-290.0535000000002
-270.9335
-146.25100000000003
-126.985
-321.35100000000017
-300.92200000000025
-110.92950000000003
-238.56950000000012
-103.65100000000002
-253.14300000000006
-215.70349999999982
-373.5445
-291.5295000000001
-251.2615
-179.46000000000012
-313.6034999999999
-152.0885
-218.32699999999986
-163.81799999999998
-219.28499999999994
-172.18449999999993
-177.17050000000006
-220.1279999999998
-143.5965
-188.99650000000005
-181.24199999999993
-255.09850000000012
-257.0960000000001
-217.0545
-203.37600000000003
-188.91300000000035
-229.8745
-273.3725000000001
-233.21000000000018
-135.8469999999999
-176.07
-198.4124999999999
-167.1665
-157.89100000000002
-187.9950000000001
-202.919
-181.24099999999993
-234.91900000000015
-172.01300000000012
-319.8814999999999
-262.134
-243.33499999999998
-277.23750000000007
-242.16199999999984
-147.09450000000004
-152.06149999999997
-242.09099999999992
-166.5515000000001
-196.732
-207.61899999999997
-243.29799999999977
-255.30199999999996
-158.5784999999999
-180.75499999999994
-221.00900000000004
-177.8455000000001
-214.82550000000006
-201.10300000000007
-297.34699999999975
-146.52749999999995
-210.90000000000006
-203.78500000000005
-130.976
-134.88249999999996
-161.97150000000005
-235.5665
-260.4
-239.51100000000017
-96.81200000000001
-169.48650000000012
-201.1819999999999
-308.3299999999997
-164.96300000000016
-214.91100000000003
-191.56150000000017
-301.863
-291.72800000000007
-151.181
-171.20800000000008
-300.2390000000001
-224.1724999999999
-167.74899999999988
-292.1775000000001
-348.1259999999998
-188.11049999999997
-259.3929999999999
-191.50999999999985
-227.45699999999988
-144.27849999999995
-192.54550000000017
-145.57250000000002
-145.566
-218.89299999999997
-181.7870000000003
-203.3615
-271.1980000000001
-193.1330000000001
-206.07549999999986
-148.50850000000008
-271.31250000000006
-226.461
-211.02999999999994
-201.44350000000014
-260.0315
-258.6640000000001
-242.32399999999996
-134.54300000000018
-137.635
-272.40799999999996
-303.7225
-217.12849999999997
-338.72099999999983
-135.88099999999994
-329.11200000000025
-238.51700000000008
-133.27150000000003
-205.97400000000002
-162.466
-275.06750000000017
-167.62949999999995
-272.5609999999998
-303.7904999999999
-180.24800000000008
-142.95550000000006
-193.46749999999997
-184.06300000000002
-198.51800000000003
-177.91250000000005
-225.18100000000004
-228.1959999999999
-180.8739999999999
-167.52849999999998
-172.72600000000003
-166.02500000000003
-171.85100000000014
-183.12099999999984
-193.69899999999987
-128.10949999999997
-165.42250000000004
-200.788
-148.42449999999997
-243.84950000000006
-179.03900000000004
-217.6839999999999
-210.20549999999997
-309.88049999999987
-246.23050000000012
-217.61550000000017
-197.24400000000014
-330.4070000000001
-172.43800000000007
-224.92499999999978
-120.54650000000004
-184.78249999999983
-220.0669999999999
-178.73349999999994
-212.63950000000008
-271.01650000000006
-293.28950000000015
-384.7585
-256.244
-191.87200000000007
-157.3449999999999
-151.58699999999996
-174.21400000000014
-316.76249999999976
-207.48749999999995
-200.6924999999999
-236.85800000000017
-247.56399999999985
-231.4635000000001
-150.40250000000006
-243.55249999999995
-162.42050000000003
-185.98550000000006
-139.65849999999998
-169.22500000000022
-126.84449999999998
-295.00250000000005
-205.4124999999998
-222.88250000000005
-278.9165
-253.4235000000001
-339.732
-168.46099999999993
-205.4325
-227.9910000000001
-241.39550000000006
-231.38500000000002
-193.22150000000008
-185.73800000000003
-254.57650000000018
-138.42200000000003
-164.987
-157.46900000000005
-169.37399999999977
-161.63199999999995
-174.13350000000005
-232.87550000000027
-227.30800000000002
-270.2275
-144.41849999999994
-271.7529999999999
-191.28850000000006
-310.3295000000002
-253.24000000000012
-141.158
-188.471
-268.26300000000003
-118.50849999999996
-153.36900000000006
-210.33149999999992
-132.41500000000002
-193.07600000000033
-225.8395000000001
-174.18999999999986
-230.01300000000006
-241.12900000000002
-166.46349999999995
-172.52100000000004
-209.28549999999984
-96.68999999999998
-204.0465
-236.78900000000002
-199.1405
-157.10399999999998
-240.75150000000016
-222.17699999999994
-260.5034999999999
-132.09400000000002
-186.6940000000002
-164.742
-179.42150000000007
-202.70549999999997
-303.30400000000003
-168.689
-140.23050000000003
-172.96050000000014
-235.6265000000001
-147.89450000000014
-189.23250000000027
-162.67849999999993
-220.38699999999997
-98.4795
-339.88149999999973
-222.27550000000008
-143.67750000000015
-193.4974999999999
-172.5919999999998
-132.84849999999994
-152.80649999999991
-152.57000000000002
-220.12649999999988
-252.95499999999993
-180.4904999999999
-184.84199999999984
-181.32799999999992
-199.98600000000002
-189.82149999999976
-298.2779999999999
-242.39599999999996
-194.43450000000004
-132.046
-157.06899999999996
-235.30800000000002
-160.39700000000002
-183.60250000000002
-163.04349999999985
-287.2925000000003
-183.21249999999998
-257.7065
-147.43399999999997
-164.06550000000007
-252.71699999999998
-141.61400000000006
-190.76350000000002
-194.4014999999999
-302.16250000000025
-293.475
-205.45700000000014
-126.78499999999991
-141.26500000000001
-181.11300000000006
-186.13750000000007
-194.46499999999986
-181.86250000000004
-154.782
-196.1175
-255.61400000000026
-152.98850000000002
-157.9494999999999
-168.27750000000032
-183.8889999999998
-181.60600000000002
-198.77499999999986
-181.35950000000005
-145.126
-176.43450000000013
-225.8615
-122.62650000000001
-243.40450000000007
-261.8894999999998
-206.43849999999998
-219.66599999999988
-308.0789999999999
-223.88750000000005
-151.54649999999998
-155.40050000000002
-235.05549999999997
-169.3245
-167.44850000000008
-248.33550000000002
-318.2679999999999
-247.30999999999995
-219.3325000000002
-123.24750000000003
-188.43750000000006
-221.45499999999993
-195.61400000000006
-305.9519999999999
-207.9795
-222.90749999999997
-155.49300000000002
-228.88750000000013
-181.1089999999999
-134.5755
-137.8785
-173.34699999999998
-229.45499999999987
-187.14000000000007
-203.72350000000003
-312.44000000000017
-216.79
-151.39800000000002
-162.638
-169.722
-112.43649999999998
-218.9629999999999
-198.18349999999992
-253.92399999999992
-351.33299999999974
-200.9805000000001
-109.0355
-209.4830000000001
-183.5690000000001
-170.10900000000004
-167.75449999999998
-141.90999999999994
-276.6410000000001
-174.49349999999998
-228.64700000000025
-225.8734999999999
-199.29299999999975
-183.78950000000006
-123.35349999999998
-260.46850000000006
-173.53800000000007
-185.31950000000003
-247.65049999999985
-273.70749999999987
-188.307
-207.55600000000013
-200.6495
-162.96749999999983
-149.9120000000001
-214.2049999999999
-173.8154999999999
-160.91400000000013
-183.84500000000003
-292.30549999999977
-182.0095000000001
-244.46200000000013
-166.64350000000007
-170.88099999999991
-154.3145
-181.48250000000021
-167.66850000000005
-125.8585
-225.26600000000025
-156.22800000000007
-200.0164999999999
-185.24350000000007
-210.99200000000008
-237.16899999999995
-175.53399999999996
-163.57599999999996
-176.8344999999999
-271.5769999999999
-242.44699999999975
-181.19000000000005
-223.61350000000004
-161.29649999999998
-283.05549999999977
-159.1540000000001
-206.88200000000003
-149.90699999999998
-232.4980000000002
-227.68849999999995
-251.564
-180.4280000000001
-142.43950000000012
-222.15749999999989
-202.61900000000003
-131.97250000000005
-266.3119999999999
-268.85950000000025
-235.9030000000001
-259.0865000000001
-210.93900000000025
-254.2995
-128.6635
-248.02100000000004
-142.46699999999998
-177.52450000000002
-170.0660000000001
-183.39950000000007
-177.09500000000014
-188.9205000000001
-145.2525
-221.3115000000001
-180.52250000000012
-230.72000000000003
-162.56750000000002
-159.05600000000013
-184.53499999999985
-274.53400000000005
-220.63650000000004
-185.88600000000005
-152.479
-169.45999999999995
-301.0315
-166.03050000000016
-163.00749999999996
-153.99600000000004
-244.10799999999998
-193.74149999999997
-303.5084999999998
-153.30949999999987
-151.27999999999994
-257.41850000000017
-162.50000000000003
-164.1760000000001
-201.43349999999995
-183.89450000000002
-144.3575
-188.94000000000005
-202.14100000000002
-203.37100000000007
-217.70649999999992
-253.65800000000002
-168.04900000000012
-140.79449999999997
-255.08150000000015
-177.20750000000018
-205.58299999999997
-170.09300000000016
-231.83750000000012
-224.80650000000009
-229.77449999999996
-200.33100000000024
-228.84500000000017
-170.39899999999997
-221.82800000000006
-195.63949999999997
-273.3830000000001
-247.22699999999983
-238.7475
-216.08699999999982
-143.27650000000003
-185.40499999999986
-179.59449999999995
-272.6694999999999
-181.32800000000003
-279.656
-246.16349999999977
-153.67949999999996
-193.87150000000005
-168.51750000000004
-318.26749999999987
-136.6225000000001
-182.4869999999999
-206.48700000000008
-170.34300000000002
-181.07700000000003
-308.8399999999999
-157.85500000000005
-212.68300000000022
-213.21500000000023
-222.707
-128.62900000000002
-150.955
-165.931
-173.63200000000006
-326.02600000000007
-134.7985
-145.9325
-160.8395
-218.90700000000007
-171.95099999999996
-142.10350000000005
-169.59400000000008
-181.89449999999994
-156.333
-161.0340000000001
-154.23900000000015
-192.91450000000012
-164.22850000000008
-200.21699999999984
-183.38450000000003
-120.16399999999997
-184.66100000000014
-171.00799999999992
-187.74399999999991
-183.00300000000013
-273.08449999999993
-282.8129999999999
-230.5275000000002
-128.09750000000003
-196.01949999999997
-201.09750000000025
-135.3300000000001
-192.1755
-208.66700000000023
-192.51700000000005
-173.29450000000008
-171.28349999999983
-170.3475
-176.33849999999998
-213.17550000000003
-290.8745000000003
-229.257
-171.68900000000028
-280.4720000000002
-219.15199999999984
-173.50050000000016
-245.99849999999992
-257.66700000000003
-139.407
-240.17800000000017
-168.1655
-185.05449999999988
-142.2855
-312.70399999999995
-143.95549999999994
-153.76599999999996
-145.59800000000007
-264.93700000000007
-227.41100000000012
-147.05149999999992
-297.1399999999996
-259.37849999999986
-240.33299999999997
-249.81649999999993
-150.9310000000001
-223.05550000000008
-144.79449999999997
-164.86150000000006
-214.18100000000004
-163.01500000000013
-198.98050000000012
-195.4995
-205.28400000000022
-161.67249999999999
-165.955
-228.54999999999998
-227.0165000000001
-240.57649999999995
-200.81900000000007
-148.06399999999996
-208.1279999999999
-122.01750000000004
-188.8645000000002
-147.4685
-176.0410000000001
-334.0339999999997
-307.64499999999975
-197.29150000000013
-256.18849999999986
-181.41600000000005
-232.97799999999992
-154.16949999999994
-305.18850000000015
-185.03899999999993
-216.25850000000005
-195.86950000000027
-261.16299999999995
-202.2715000000001
-142.72549999999998
-236.39649999999997
-227.16350000000014
-157.54100000000003
-180.40200000000004
-214.8859999999999
-149.89550000000006
-134.87350000000004
-306.9775000000002
-141.78399999999993
-193.37900000000005
-87.33750000000003
-222.09549999999996
-295.49550000000016
-182.61750000000006
-126.97200000000005
-176.63900000000007
-140.28150000000002
-203.13250000000005
-181.58549999999997
-234.94150000000016
-160.02800000000005
-182.16049999999996
-49.152
-279.1565000000001
-116.94800000000001
-173.2060000000002
-185.21399999999997
-234.4640000000002
-152.64049999999997
-158.60649999999993
-199.21300000000005
-209.20700000000008
-206.94100000000003
-211.54950000000002
-205.97700000000003
-206.52250000000006
-182.45600000000005
-165.06799999999998
-138.09100000000007
-184.81150000000017
-235.00300000000007
-247.2600000000001
-232.2965
-265.61250000000024
-164.5825
-102.73149999999998
-296.62499999999983
-148.60700000000003
-251.58599999999987
-113.3105
-146.41249999999985
-255.27350000000013
-203.36149999999998
-208.2870000000001
-280.18000000000006
-315.59299999999973
-339.6944999999999
-159.7174999999999
-173.04299999999984
-223.16299999999976
-182.45999999999998
-158.95050000000015
-150.111
-314.02499999999975
-131.54249999999996
-100.86150000000004
-156.74550000000008
-149.5990000000001
-226.6670000000001
-168.7125
-244.5839999999999
-170.70949999999993
-200.42399999999992
-137.078
-179.73850000000002
-233.174
-171.20199999999994
-233.97249999999997
-193.41249999999997
-299.9005000000001
-180.5635
-198.40750000000003
-281.13999999999976
-317.61100000000005
-325.55400000000037
-166.95399999999987
-371.7999999999997
-156.24050000000017
-178.7345000000001
-215.8045
-245.60199999999998
-226.42549999999986
-173.65399999999997
-260.48649999999986
-287.3529999999999
-303.44
-278.36350000000016
-324.5375000000001
-311.7859999999998
-200.47199999999998
-225.13200000000012
-233.45850000000002
-251.77799999999996
-222.21149999999983
-270.1450000000004
-237.42999999999986
-239.84350000000003
-169.93050000000002
-232.71500000000003
-238.06349999999998
-181.64650000000003
-214.13499999999996
-196.33499999999978
-190.85450000000003
-166.45350000000002
-219.7895000000002
-194.74300000000014
-164.4844999999999
-168.80349999999996
-83.36300000000001
-187.30900000000014
-130.2010000000001
-143.07499999999993
-220.95999999999998
-248.46899999999988
-255.89550000000008
-217.59250000000003
-200.43650000000014
-201.5859999999998
-178.74
-149.52600000000004
-237.42950000000005
-128.28150000000002
-301.82099999999986
-218.78000000000006
-293.11950000000024
-287.4845000000001
-229.9080000000002
-178.57249999999996
-187.01649999999987
-238.88750000000024
-229.5065000000001
-231.08799999999982
-305.1435000000001
-197.34950000000012
-229.01000000000008
-158.10900000000004
-326.9769999999998
-194.48750000000004
-196.42100000000002
-273.1744999999999
-137.7850000000001
-168.0655
-145.94300000000007
-157.99300000000008
-339.73799999999994
-152.74199999999996
-257.51399999999995
-188.45849999999996
-191.4575
-181.73650000000018
-224.16900000000018
-187.62900000000002
-202.9130000000001
-148.80349999999981
-187.6990000000002
-132.42799999999997
-274.103
-198.65149999999983
-169.7545000000001
-166.19850000000005
-149.49599999999998
-154.0119999999999
-294.93449999999984
-157.30149999999992
-212.32300000000006
-133.66949999999997
-137.88149999999996
-83.12650000000001
-144.18400000000005
-252.81850000000017
-156.95049999999992
-147.6690000000001
-119.94550000000002
-155.0745000000001
-178.36849999999998
-150.15850000000003
-215.72050000000002
-191.2195000000001
-172.00900000000016
-178.78249999999971
-155.63100000000003
-255.34850000000006
-185.30000000000007
-254.30300000000008
-209.41599999999983
-210.5130000000002
-249.67749999999987
-132.85599999999997
-241.68000000000012
-197.7504999999999
-213.82750000000001
-186.3320000000003
-169.28699999999998
-231.9630000000001
-222.34299999999982
-140.81999999999996
-231.44500000000002
-281.56100000000004
-214.24050000000005
-281.84599999999983
-172.33049999999992
-172.97199999999992
-137.18299999999996
-255.1780000000002
-216.90600000000015
-135.36649999999992
-187.41399999999982
-168.96599999999987
-144.36499999999998
-247.50400000000002
-209.02850000000012
-52.79
-147.39650000000003
-208.80650000000009
-174.58300000000003
-157.32099999999986
-225.19549999999987
-260.71099999999996
-161.61100000000002
-133.47000000000006
-210.8465
-168.80650000000006
-184.31249999999994
-88.187
-196.12050000000013
-225.931
-184.08849999999998
-212.94149999999996
-290.43600000000004
-298.78750000000025
-250.7385000000001
-245.17049999999995
-257.7860000000001
-232.83050000000006
-347.8784999999995
-229.36500000000007
-213.51700000000017
-170.82200000000003
-133.40500000000003
-254.07049999999987
-201.81199999999984
-236.01499999999993
-191.30499999999995
-156.07199999999997
-208.82349999999997
-303.5835
-206.24900000000005
-153.40699999999998
-166.18649999999997
-141.47450000000006
-155.78250000000006
-182.12700000000007
-153.54700000000014
-191.77500000000003
-160.14699999999993
-139.2255000000001
-147.90499999999997
-157.70749999999995
-214.93149999999994
-244.85200000000012
-177.42949999999993
-162.8730000000001
-226.23849999999987
-149.81449999999995
-193.98100000000008
-213.77100000000007
-186.02200000000002
-213.5254999999998
-281.7350000000003
-252.09700000000012
-166.4170000000001
-139.66049999999998
-200.47999999999985
-195.48900000000003
-169.5515000000001
-158.55499999999998
-176.0394999999999
-160.51600000000002
-263.1069999999999
-157.86600000000013
-207.881
-145.99599999999995
-256.2974999999998
-259.685
-249.23100000000014
-271.5495000000002
-249.71700000000004
-281.28500000000014
-176.02850000000007
-281.1275
-77.532
-296.80199999999974
-252.434
-254.63699999999997
-161.81600000000006
-119.33899999999994
-167.72600000000008
-268.8899999999999
-242.81350000000006
-241.3414999999999
-214.96149999999997
-156.62550000000005
-346.50149999999985
-134.06449999999998
-173.86850000000007
-303.5054999999998
-96.09850000000003
-218.08599999999993
-164.09650000000013
-151.19449999999995
-139.07850000000008
-180.34400000000005
-199.46850000000003
-223.91450000000003
-138.22549999999993
-156.24000000000004
-175.999
-191.40100000000004
-270.4110000000002
-181.798
-293.5120000000001
-103.66750000000002
-129.3345
-176.021
-157.0654999999999
-214.53400000000002
-290.92350000000005
-217.79449999999989
-169.87499999999994
-149.29349999999997
-188.90050000000002
-225.7115
-97.10650000000004
-146.24700000000004
-158.79400000000004
-286.93950000000007
-127.95599999999999
-172.57049999999998
-257.8385
-118.77649999999998
-211.53600000000006
-202.31299999999996
-272.85599999999994
-203.48949999999996
-288.30199999999985
-236.2300000000002
-238.36
-244.03400000000008
-125.264
-173.41550000000012
-234.02799999999976
-202.96049999999994
-197.94550000000004
-190.3305
-140.21999999999994
-235.24550000000005
-225.8365
-205.7005000000001
-146.98250000000004
-147.59850000000006
-225.48250000000024
-181.8925000000001
-170.1625
-169.46200000000005
-200.61299999999997
-231.74450000000004
-149.4124999999999
-231.527
-240.6489999999999
-205.5795
-213.1695000000001
-146.64049999999992
-217.22050000000004
-177.9155000000002
-322.19400000000013
-174.21749999999986
-260.39549999999997
-198.96800000000005
-149.42950000000016
-293.95050000000003
-232.80899999999997
-280.3064999999998
-166.4525
-173.67650000000003
-89.30699999999997
-208.66999999999996
-253.7265
-199.372
-317.33500000000015
-161.03100000000003
-232.2959999999998
-203.5415
-168.74899999999988
-181.4905
-204.44149999999993
-249.5430000000002
-256.4435
-163.82349999999994
-167.0039999999999
-128.88900000000004
-136.1555
-145.4745
-129.31799999999998
-163.25300000000018
-327.8910000000001
-262.8405
-213.6115000000001
-233.56399999999996
-208.3930000000002
-232.51699999999997
-188.242
-225.3815
-175.854
-308.5780000000001
-151.6645
-225.18000000000023
-180.92650000000017
-296.00749999999994
-168.45300000000006
-204.01000000000016
-268.5499999999999
-278.13100000000014
-181.053
-183.82799999999992
-182.3615000000001
-220.897
-257.32950000000005
-161.742
-313.34599999999983
-264.4485000000001
-83.69500000000001
-180.41549999999987
-145.51450000000006
-238.34700000000015
-225.73000000000002
-192.67750000000007
-177.2680000000001
-252.86700000000002
-184.2185000000001
-299.17350000000005
-150.9374999999999
-261.55699999999996
-210.18100000000013
-184.56449999999978
-275.07050000000004
-177.50149999999996
-195.81800000000018
-104.17349999999999
-115.33849999999995
-169.6995
-152.55599999999995
-197.1729999999998
-191.60550000000006
-232.0010000000001
-147.8405
-244.095
-94.2465
-208.539
-286.4034999999999
-141.9195
-130.09400000000002
-116.48650000000002
-76.89099999999999
-106.8685
-237.51200000000006
-169.21349999999995
-194.5555000000001
-153.26749999999984
-256.9894999999999
-205.38100000000009
-208.38550000000004
-196.12050000000022
-279.46700000000016
-275.2745
-195.05050000000006
-257.36300000000006
-161.71650000000002
-85.81799999999998
-201.38200000000006
-168.65049999999985
-167.70700000000005
-273.5569999999998
-293.13649999999996
-219.37499999999997
-162.8115
-162.31149999999994
-225.42549999999983
-171.74999999999991
-161.31600000000006
-159.45100000000008
-253.3820000000001
-246.07200000000012
-146.58249999999998
-152.35849999999996
-175.41449999999992
-224.9775000000001
-200.71449999999996
-178.95250000000007
-259.91600000000017
-228.2984999999999
-212.82200000000014
-188.52300000000017
-178.10200000000015
-178.00549999999998
-188.09749999999988
-186.73349999999982
-314.3325000000002
-292.90199999999993
-167.86049999999992
-255.63750000000016
-237.16000000000014
-230.86449999999996
-206.50400000000016
-83.05250000000001
-303.4899999999999
-210.86300000000017
-225.1215000000002
-257.12249999999995
-258.1135
-175.55750000000026
-260.93400000000014
-242.3830000000001
-210.07800000000006
-254.52199999999985
-155.705
-149.19349999999994
-165.66299999999987
-222.51299999999998
-144.30399999999997
-172.0185
-198.06150000000002
-249.75450000000018
-155.0045
-158.7695
-151.87050000000002
-162.338
-273.18
-206.26400000000004
-195.73750000000013
-281.1795000000002
-338.3560000000003
-251.15300000000008
-155.23199999999994
-215.13649999999998
-242.49700000000007
-163.3265000000001
-245.03549999999998
-235.62600000000018
-173.19299999999996
-203.04950000000002
-229.8984999999998
-180.86949999999996
-205.8564999999999
-148.91600000000034
-188.08499999999998
-218.50849999999997
-159.73250000000004
-204.2984999999998
-108.29249999999999
-190.65750000000006
-247.24500000000018
-126.11849999999997
-82.73450000000003
-174.31999999999996
-169.82350000000005
-241.79299999999995
-223.92050000000006
-165.06950000000006
-193.26199999999997
-204.30349999999987
-267.44650000000007
-254.66799999999992
-130.83799999999997
-339.43699999999995
-186.99099999999996
-189.58550000000002
-165.24350000000007
-174.62200000000016
-211.84700000000012
-194.05949999999996
-188.9995000000001
-123.63099999999991
-293.4609999999999
-158.33999999999992
-255.3975000000001
-148.34350000000003
-234.22599999999997
-132.9875000000001
-129.323
-304.29700000000014
-238.22850000000017
-298.30349999999993
-246.6699999999999
-219.26700000000008
-214.1035
-149.7010000000001
-233.18699999999998
-345.0904999999999
-224.35349999999994
-260.1045000000001
-173.901
-173.54099999999994
-167.27449999999988
-176.16249999999985
-225.47400000000016
-182.26050000000012
-166.41899999999998
-178.60200000000017
-199.93500000000003
-268.373
-208.33199999999997
-230.1570000000002
-209.31450000000004
-172.97650000000007
-185.0424999999999
-243.64099999999985
-251.7325
-243.24450000000007
-223.04000000000002
-265.21500000000003
-220.6495
-133.98900000000015
-170.07299999999987
-224.91399999999993
-238.24000000000018
-79.86100000000003
-216.1574999999999
-263.43200000000013
-195.8260000000002
-201.9420000000002
-188.27849999999992
-236.92200000000008
-196.81299999999985
-153.79400000000007
-253.05599999999995
-229.769
-190.4905
-184.07200000000003
-287.58599999999973
-179.40900000000005
-187.05149999999998
-199.25299999999987
-186.33599999999998
-88.96750000000003
-94.91100000000003
-222.80849999999984
-278.9150000000002
-101.736
-238.6655000000001
-213.5635
-228.0780000000003
-248.436
-166.06549999999996
-198.062
-230.92200000000014
-312.39649999999995
-185.514
-188.1885
-158.4630000000001
-162.33650000000011
-189.28449999999995
-288.4265000000001
-142.52499999999995
-180.9815
-255.15399999999997
-165.281
-224.6055
-226.77249999999995
-160.15050000000005
-226.18650000000025
-191.10500000000002
-170.00999999999996
-295.28099999999984
-169.55200000000013
-136.63699999999997
-245.28199999999987
-124.05399999999999
-127.30200000000005
-248.43550000000002
-185.35550000000006
-240.35399999999984
-190.28799999999998
-272.59700000000015
-225.53750000000014
-142.21300000000008
-195.13600000000002
-268.98200000000014
-255.87750000000008
-209.28049999999996
-184.51800000000023
-182.78100000000015
-288.166
-226.3235000000001
-261.0855
-239.71600000000007
-139.81250000000006
-310.8955
-176.5145
-182.587
-252.48549999999994
-286.34300000000013
-183.35349999999997
-240.99799999999988
-290.50599999999986
-264.97600000000006
-283.8604999999998
-143.0695
-165.48450000000008
-276.6494999999997
-153.88349999999997
-198.65349999999998
-211.0585000000001
-168.79100000000008
-172.6345000000001
-183.3019999999999
-232.81399999999994
-231.49000000000007
-239.41299999999987
-260.22049999999984
-212.212
-290.3185
-205.92249999999999
-244.41450000000003
-262.2605
-168.61649999999992
-256.71950000000004
-275.5815
-195.5569999999999
-144.01699999999997
-166.40500000000034
-264.56050000000016
-281.61099999999965
-170.29050000000007
-241.6965000000001
-241.44850000000008
-180.84849999999997
-136.8369999999999
-196.4245
-101.10449999999999
-143.61749999999998
-133.52600000000004
-190.39450000000005
-102.19000000000007
-328.3700000000001
-150.41599999999988
-235.73699999999994
-160.6705
-126.08800000000004
-101.33000000000004
-235.12599999999995
-216.62699999999995
-250.93250000000003
-203.61799999999997
-148.2655000000001
-136.04550000000003
-174.486
-149.06950000000015
-93.61799999999998
-123.06749999999998
-187.25099999999998
-138.65900000000002
-223.08350000000013
-133.91350000000008
-166.32499999999993
-123.99099999999997
-312.90550000000013
-140.14050000000012
-325.95299999999986
-180.10899999999995
-261.22849999999994
-245.3055000000001
-115.12099999999998
-198.8565
-156.088
-274.9685000000001
-151.10200000000006
-222.6120000000001
-281.11900000000026
-166.06800000000013
-131.791
-285.19850000000014
-171.50300000000001
-266.773
-188.2445000000001
-82.08450000000002
-260.5224999999999
-296.34250000000026
-207.0055000000001
-279.705
-235.98150000000027
-276.01799999999986
-239.50149999999988
-312.5380000000001
-227.43200000000002
-140.58150000000003
-230.35600000000022
-176.008
-158.93350000000004
-180.72099999999995
-283.86599999999993
-150.93299999999988
-198.01849999999996
-230.29550000000015
-198.45
-294.39250000000004
-159.0529999999999
-84.73450000000001
-224.2634999999999
-146.65699999999998
-158.13799999999992
-210.50750000000008
-260.516
-188.92499999999993
-235.1584999999999
-129.08199999999997
-188.892
-203.57500000000007
-215.83150000000003
-259.34849999999983
-101.75700000000005
-198.20849999999996
-288.62300000000005
-217.49950000000013
-257.429
-251.49950000000004
-224.59750000000025
-188.23400000000007
-164.98250000000007
-226.8915
-236.4949999999999
-201.4724999999999
-238.7405000000001
-286.0209999999999
-286.4975
-182.1044999999998
-311.18850000000015
-153.1405000000001
-318.05749999999995
-143.1725000000001
-171.64050000000012
-235.21649999999997
-171.2995
-163.4915000000001
-168.1325
-154.3334999999999
-241.98999999999992
-139.022
-214.11849999999993
-196.66499999999994
-238.37250000000026
-325.78349999999995
-164.26499999999984
-181.57
-212.8925
-173.06949999999995
-132.90749999999994
-226.83149999999992
-202.81949999999995
-141.231
-174.32
-121.42599999999997
-196.31950000000003
-158.75100000000006
-148.3800000000001
-200.24300000000002
-186.77500000000006
-123.28200000000005
-142.13500000000016
-238.3405000000002
-284.80749999999983
-267.60450000000014
-166.07549999999998
-228.0084999999999
-167.13400000000004
-249.34049999999996
-156.0035
-190.55800000000008
-210.20599999999988
-263.7389999999998
-225.76199999999992
-137.02249999999995
-145.73200000000014
-110.00050000000002
-296.39149999999995
-136.434
-118.18950000000001
-186.27599999999993
-180.79400000000004
-210.97699999999998
-165.5905000000001
-190.9775
-161.70599999999996
-332.7769999999999
-137.3575
-154.1545
-214.45500000000013
-175.73849999999993
-325.2489999999998
-188.712
-236.89449999999985
-185.24150000000003
-189.65849999999998
-262.71400000000006
-189.65900000000022
-207.7459999999999
-242.79700000000022
-242.50049999999993
-157.3189999999999
-243.57249999999985
-176.31599999999997
-129.09200000000007
-229.3500000000001
-274.32999999999976
-239.06199999999995
-145.5455
-219.45200000000006
-251.61699999999993
-332.7189999999998
-255.18400000000014
-161.35700000000008
-97.38600000000002
-299.7000000000001
-337.984
-251.97700000000006
-158.37599999999998
-190.942
-295.0645000000001
-160.7249999999999
-331.2904999999999
-146.79299999999992
-177.91899999999995
-226.72499999999997
-182.43299999999988
-164.5759999999999
-304.30849999999987
-201.74749999999995
-174.54950000000002
-147.21749999999997
-175.34399999999997
-237.02650000000003
-218.3450000000001
-280.3569999999999
-230.40650000000008
-205.85699999999994
-217.53499999999988
-154.19650000000007
-237.121
-176.45850000000007
-310.97499999999985
-170.47300000000007
-144.44050000000001
-156.14450000000014
-194.25800000000007
-153.84850000000012
-249.10200000000015
-226.15599999999992
-181.0635000000001
-163.29849999999993
-150.02849999999998
-254.32600000000005
-227.01549999999986
-275.16099999999994
-159.87599999999998
-239.30100000000004
-207.95350000000005
-135.85200000000003
-170.92599999999996
-303.0699999999999
-176.79699999999997
-160.92550000000003
-246.86999999999998
-176.18500000000006
-235.76999999999984
-187.21149999999992
-210.29700000000003
-169.99649999999988
-76.1835
-195.477
-316.2270000000003
-242.4984999999998
-175.74050000000003
-231.35149999999996
-194.2295000000002
-190.25450000000006
-222.1390000000001
-182.43100000000018
-179.61550000000017
-170.33650000000011
-229.62150000000008
-65.11949999999999
-228.146
-161.33700000000007
-264.5789999999999
-221.52500000000018
-217.78950000000003
-201.04899999999998
-178.13800000000026
-209.85
-141.91649999999998
-129.57099999999994
-283.07849999999996
-205.86999999999998
-286.7860000000001
-238.26850000000005
-194.71749999999994
-238.5639999999999
-141.9049999999999
-264.5354999999999
-283.6965000000002
-254.624
-279.5685
-294.60199999999986
-180.66199999999998
-197.44200000000006
-175.4105000000002
-113.32850000000002
-277.4840000000002
-234.30199999999988
-141.14649999999997
-210.71350000000015
-170.49650000000003
-255.36899999999986
-180.91149999999985
-149.17499999999998
-239.85549999999978
-93.42200000000001
-176.65500000000006
-275.2670000000001
-124.743
-276.44699999999995
-201.64200000000017
-212.3295000000002
-198.64899999999994
-179.85299999999998
-214.90649999999988
-181.46100000000007
-153.2025000000001
-156.78649999999988
-174.24850000000004
-136.19150000000002
-200.15600000000015
-163.42050000000003
-284.7860000000002
-172.923
-236.40499999999997
-165.19000000000003
-188.02099999999993
-151.312
-256.7325000000003
-131.42550000000008
-203.76799999999992
-228.72100000000012
-209.72000000000025
-268.13850000000025
-164.18550000000008
-220.44999999999996
-147.77649999999994
-172.22400000000005
-167.74000000000007
-119.35300000000001
-226.99000000000007
-219.0964999999999
-186.56149999999985
-138.96599999999998
-220.24000000000012
-247.40600000000015
-231.11449999999994
-161.04350000000002
-138.08749999999998
-171.5549999999999
-279.21850000000006
-206.61800000000002
-129.464
-229.53499999999994
-154.06050000000005
-233.93199999999987
-163.23400000000004
-230.93749999999994
-175.0450000000001
-245.35150000000004
-136.02550000000005
-281.4685
-220.5665
-195.0885
-146.41149999999996
-209.23649999999986
-215.34999999999988
-182.70300000000015
-260.83700000000005
-191.73200000000023
-143.66299999999995
-153.39349999999996
-151.07400000000004
-268.40050000000025
-308.6379999999998
-338.39249999999976
-206.58
-244.86500000000007
-151.27550000000002
-121.66600000000008
-280.6394999999999
-110.47149999999996
-171.0435
-174.1165
-171.29800000000012
-283.83100000000013
-181.73250000000004
-97.3305
-187.7615
-182.3345000000001
-184.70450000000002
-154.92549999999997
-87.63100000000001
-79.637
-171.56299999999996
-220.6625
-180.34300000000005
-97.38949999999998
-213.07900000000012
-151.48849999999993
-264.4084999999999
-171.14149999999998
-255.9950000000002
-277.4885000000003
-128.56049999999996
-205.7120000000001
-240.716
-148.24949999999998
-149.78700000000003
-142.6605000000002
-333.48649999999975
-184.08950000000007
-165.33150000000003
-173.49699999999996
-216.88749999999993
-171.36000000000004
-291.5135000000002
-226.84449999999998
-135.5744999999998
-119.74700000000007
-151.56850000000006
-200.9635000000001
-184.3975000000001
-212.51550000000012
-165.4159999999999
-177.89599999999987
-133.17750000000004
-231.79149999999993
-145.39800000000005
-160.89750000000024
-288.23049999999995
-140.91900000000007
-183.37250000000006
-287.3119999999999
-131.85900000000004
-208.39049999999992
-144.49899999999997
-169.03549999999998
-159.826
-157.112
-159.35100000000014
-195.0180000000001
-245.3035
-336.3244999999998
-183.08849999999998
-178.67650000000003
-175.674
-237.55600000000007
-161.85799999999998
-184.08400000000003
-138.55649999999997
-127.95599999999999
-170.28150000000008
-135.49700000000007
-183.08100000000016
-284.0845
-240.30199999999996
-228.58249999999995
-162.20199999999994
-217.00749999999985
-296.0290000000001
-155.07249999999993
-150.58200000000002
-278.9430000000002
-257.35749999999996
-151.0165000000001
-167.43600000000006
-220.29249999999993
-167.153
-151.12899999999996
-131.5795
-271.24100000000004
-268.00399999999996
-262.5914999999998
-200.64099999999996
-260.7715000000002
-158.66850000000002
-221.62349999999992
-111.44200000000002
-193.08550000000002
-84.26850000000002
-141.69950000000009
-324.2189999999998
-277.0610000000001
-182.72000000000017
-251.81900000000016
-235.3249999999998
-136.00200000000004
-196.6115
-143.05950000000016
-177.12999999999997
-243.503
-163.01650000000004
-304.94899999999996
-197.29350000000008
-135.26350000000002
-237.04350000000008
-126.36149999999996
-233.51750000000007
-180.59250000000006
-263.25800000000004
-210.8475
-225.72250000000008
-287.406
-219.36200000000002
-266.79449999999997
-263.37600000000015
-166.6965
-195.45899999999997
-244.0760000000001
-172.26649999999995
-251.16800000000006
-181.8175000000001
-271.6449999999998
-175.9435
-249.155
-145.38400000000004
-110.147
-154.10900000000007
-176.1875000000001
-163.1080000000001
-269.24799999999993
-286.20250000000004
-233.78900000000004
-229.25550000000004
-133.76000000000002
-175.04400000000007
-173.1125
-225.55950000000004
-258.2555000000001
-218.582
-316.67750000000024
-253.4540000000002
-242.1164999999999
-215.3640000000002
-146.36800000000002
-189.16299999999993
-172.19700000000017
-185.79850000000002
-245.60049999999978
-117.49150000000002
-238.37599999999986
-78.35
-213.21049999999994
-179.88800000000003
-138.10449999999997
-168.35400000000004
-196.7415
-163.13799999999992
-240.43650000000005
-196.74450000000016
-167.9515000000001
-240.2434999999999
-184.0495
-163.40299999999985
-254.49250000000032
-282.8119999999999
-208.9264999999999
-81.59599999999999
-225.03049999999982
-152.96599999999984
-181.47150000000016
-210.5275000000001
-183.7365
-197.67650000000006
-206.40299999999993
-191.2295000000001
-149.63299999999995
-190.41350000000006
-199.55800000000025
-166.12999999999982
-148.3240000000001
-146.10300000000007
-130.10399999999996
-206.7314999999999
-257.9335
-231.8095
-203.46050000000005
-226.5245
-192.8245
-247.29900000000018
-143.67400000000004
-167.78650000000002
-275.8445000000002
-163.466
-168.91499999999996
-175.30550000000008
-188.39000000000004
-139.8145000000001
-290.87349999999986
-92.92900000000004
-236.89400000000018
-202.40500000000011
-145.85949999999994
-193.71950000000007
-207.23249999999996
-110.336
-229.13100000000009
-254.2269999999998
-241.64600000000027
-257.4339999999998
-151.59799999999996
-184.45900000000006
-169.43150000000003
-313.94950000000006
-172.2244999999999
-302.64500000000015
-246.82150000000007
-305.5220000000001
-197.34499999999994
-228.92400000000015
-208.8294999999999
-154.19699999999997
-264.314
-181.5875
-211.58149999999995
-174.59850000000017
-121.64699999999999
-153.004
-153.9665000000001
-140.66200000000003
-156.78099999999995
-232.64550000000006
-172.77650000000003
-212.214
-161.76849999999985
-217.62049999999982
-171.28349999999975
-153.17550000000023
-214.59400000000002
-221.91649999999993
-273.2135000000001
-191.86950000000013
-169.47099999999992
-246.85299999999992
-180.8835000000001
-179.98950000000028
-220.50149999999985
-204.4855000000001
-219.48850000000004
-213.1530000000001
-267.9534999999999
-162.306
-221.07050000000004
-245.1535
-185.73999999999984
-212.17850000000007
-228.71200000000005
-226.86649999999986
-261.08549999999997
-162.8160000000002
-201.10799999999992
-196.789
-219.90450000000016
-208.04349999999994
-255.14200000000002
-124.39099999999996
-200.25249999999994
-234.58999999999995
-159.8755
-250.54049999999995
-194.24250000000012
-151.81
-171.31850000000006
-136.9875000000001
-224.97799999999998
-153.62100000000004
-180.11999999999992
-203.61900000000006
-176.3590000000001
-209.39099999999982
-240.87350000000004
-204.98200000000008
-174.2585
-87.702
-291.8584999999997
-187.4339999999999
-246.85900000000015
-122.57350000000005
-270.07850000000013
-206.55599999999987
-236.9765000000001
-260.9800000000001
-192.62899999999982
-246.00549999999993
-138.27350000000013
-224.6120000000002
-147.65799999999993
-158.62949999999995
-277.22049999999996
-250.01950000000002
-85.60499999999998
-184.30949999999993
-244.40649999999988
-192.41450000000023
-188.53699999999986
-157.8260000000001
-162.55599999999987
-288.3935
-187.68950000000007
-149.70400000000006
-249.23450000000005
-240.58000000000018
-166.09900000000002
-227.477
-286.3025
-202.88250000000002
-211.877
-155.22199999999998
-162.8440000000001
-326.4005000000001
-197.1600000000001
-265.9545000000002
-249.54350000000005
-152.84550000000002
-334.50950000000006
-329.09400000000005
-220.11249999999995
-257.5620000000003
-230.7395000000001
-102.58050000000001
-194.70700000000028
-231.3010000000001
-138.45849999999996
-226.85449999999992
-140.30450000000008
-175.57699999999994
-209.81200000000013
-234.52349999999998
-130.3105
-194.67649999999998
-199.48949999999982
-169.64649999999995
-207.764
-271.8745000000001
-222.6724999999998
-145.745
-224.4129999999999
-126.75400000000008
-321.3829999999997
-229.3155
-136.16800000000006
-171.774
-182.98649999999998
-166.3585000000002
-233.05199999999996
-176.45800000000006
-209.06000000000014
-342.2369999999998
-243.63300000000007
-94.80300000000004
-222.28300000000004
-270.24100000000016
-244.9189999999999
-227.4690000000002
-243.63750000000024
-278.3645
-337.7004999999998
-143.23700000000002
-223.21699999999996
-230.3404999999999
-98.17250000000001
-231.03350000000006
-213.69649999999987
-179.93000000000018
-198.4865000000001
-153.0229999999999
-260.55449999999996
-202.73849999999987
-160.00199999999995
-308.98900000000015
-167.087
-287.71500000000015
-193.7750000000001
-199.0279999999999
-156.56400000000005
-182.16550000000007
-172.9100000000002
-161.279
-278.2449999999999
-193.27900000000005
-189.508
-164.62250000000003
-140.023
-257.6794999999997
-155.26350000000002
-203.13599999999994
-215.2165000000001
-201.1645000000001
-145.28450000000004
-198.8845
-267.8395
-161.53599999999997
-206.09750000000005
-166.47400000000007
-107.78400000000003
-192.43999999999997
-116.00900000000009
-151.91300000000004
-170.3324999999999
-258.40949999999975
-152.82899999999984
-259.5549999999999
-193.50899999999993
-230.12099999999995
-193.26100000000005
-203.69899999999996
-177.1900000000001
-209.27450000000005
-177.7615
-221.44999999999996
-237.01250000000002
-173.22150000000002
-171.56650000000005
-228.574
-194.0279999999999
-234.35399999999996
-262.9035000000001
-247.6144999999999
-163.08950000000004
-181.52500000000018
-228.12800000000013
-233.30300000000005
-212.78599999999986
-285.0820000000004
-159.9850000000001
-311.2090000000001
-243.8140000000001
-158.56950000000003
-155.27900000000002
-278.8839999999999
-143.12250000000006
-144.51149999999998
-238.18300000000016
-215.611
-277.2899999999998
-203.47300000000016
-128.46550000000002
-148.21000000000012
-224.985
-161.93850000000006
-151.77350000000007
-227.84149999999997
-212.15300000000008
-149.98749999999993
-95.64349999999999
-132.28799999999998
-186.66499999999982
-256.9124999999999
-322.62800000000016
-186.629
-190.56849999999986
-216.80850000000004
-189.33550000000005
-214.88550000000006
-238.86199999999994
-190.46850000000006
-188.2635
-270.79650000000004
-150.43800000000002
-182.01000000000008
-138.19849999999997
-159.9274999999999
-348.0824999999999
-274.1740000000001
-157.33499999999987
-232.1410000000001
-176.7414999999999
-138.1195
-205.5934999999999
-181.03949999999998
-136.76950000000005
-213.06200000000007
-178.19700000000017
-190.78100000000003
-266.0005000000001
-182.65550000000025
-173.26800000000006
-187.94900000000007
-221.15100000000012
-116.42500000000001
-196.2515
-185.50750000000014
-153.5255
-178.607
-269.00199999999995
-139.55749999999998
-239.05349999999996
-224.66600000000005
-139.924
-62.26200000000002
-262.1535
-234.87849999999986
-238.3154999999999
-191.31550000000004
-263.9334999999998
-195.38399999999996
-281.6844999999999
-140.18200000000013
-235.86800000000008
-105.39450000000001
-203.995
-133.03699999999984
-186.46449999999993
-251.73050000000018
-197.02250000000004
-188.782
-206.2529999999999
-212.21899999999982
-170.40200000000002
-187.17200000000014
-204.28000000000003
-163.59349999999995
-240.0660000000002
-133.23900000000003
-154.10950000000005
-171.0910000000003
-215.66550000000007
-143.296
-300.088
-275.54400000000027
-226.94550000000015
-176.80849999999992
-302.973
-247.9415
-216.0134999999998
-179.09850000000003
-173.66500000000005
-196.45849999999993
-115.71150000000002
-180.43100000000004
-261.16050000000007
-164.17350000000002
-238.9575000000001
-344.6800000000003
-232.75349999999995
-120.01450000000006
-143.183
-71.43650000000001
-230.67350000000013
-196.41449999999995
-205.47
-212.7484999999999
-232.90249999999992
-192.91150000000022
-263.60299999999995
-157.86899999999991
-242.78049999999996
-217.1455
-319.4629999999999
-219.8445000000001
-188.34350000000003
-156.961
-299.257
-202.20300000000015
-184.6739999999999
-182.69749999999993
-170.9014999999999
-139.06899999999996
-240.66400000000007
-206.92100000000022
-203.96550000000008
-237.14299999999997
-280.57299999999987
-236.56149999999994
-239.27899999999988
-196.26799999999974
-263.9124999999999
-159.98600000000005
-152.16550000000007
-240.70899999999995
-333.25300000000016
-217.67149999999978
-310.59950000000003
-137.0174999999998
-295.9150000000001
-161.15750000000008
-218.05750000000003
-226.8609999999999
-230.08750000000003
-184.30300000000005
-194.52250000000006
-293.72000000000025
-245.73249999999987
-138.3105
-251.79500000000007
-168.67799999999983
-192.37149999999994
-149.77949999999998
-197.3720000000001
-146.69249999999997
-98.35699999999999
-222.2175
-159.326
-254.7480000000002
-260.5145000000001
-220.60150000000016
-260.7905
-152.73300000000006
-265.4459999999998
-334.6084999999999
-207.05149999999983
-190.70100000000002
-239.01250000000002
-157.58350000000007
-142.93000000000012
-181.39049999999997
-197.73400000000007
-249.21699999999993
-179.23799999999997
-149.21099999999993
-80.15999999999998
-272.44850000000014
-305.05750000000023
-195.61800000000017
-198.55849999999995
-182.82649999999992
-187.03699999999984
-178.79049999999992
-185.9460000000001
-255.33449999999993
-287.8619999999999
-194.2675000000001
-147.4400000000001
-191.88350000000014
-206.54750000000018
-257.126
-353.9215
-192.0365
-276.70600000000013
-214.10400000000018
-298.16249999999985
-175.35199999999992
-226.08099999999988
-305.1355000000001
-143.9419999999999
-247.5300000000001
-196.63699999999992
-333.30250000000024
-148.91600000000003
-187.2919999999999
-170.7425000000001
-266.3349999999998
-191.65850000000026
-202.46049999999988
-177.449
-237.95450000000008
-283.39699999999993
-262.84049999999996
-162.50100000000006
-274.84949999999986
-138.99199999999993
-173.90099999999998
-195.59100000000007
-101.82650000000004
-169.42499999999995
-223.3990000000001
-203.2715
-183.6140000000001
-232.51699999999997
-203.69400000000005
-230.243
-189.11399999999995
-124.04499999999999
-209.81650000000005
-219.4285000000002
-101.336
-159.22600000000006
-231.23499999999996
-219.4529999999998
-167.28399999999993
-205.77049999999994
-294.7965000000004
-203.60999999999993
-222.7135000000001
-154.99650000000005
-239.2965
-175.11600000000016
-181.38100000000009
-205.02549999999994
-207.45449999999985
-172.70750000000004
-264.8995000000001
-62.8135
-157.71200000000002
-216.1085
-182.09150000000005
-160.01100000000014
-179.2495
-114.45400000000004
-210.34850000000006
-166.30950000000007
-202.26600000000005
-260.7600000000002
-241.51200000000006
-209.72399999999973
-210.94899999999993
-258.89450000000005
-110.57399999999993
-151.80549999999997
-195.09699999999984
-196.2589999999999
-200.259
-186.65249999999995
-156.99650000000003
-166.77549999999997
-163.8600000000001
-219.33599999999984
-133.03199999999998
-166.3995
-128.56749999999997
-199.26250000000007
-226.87049999999996
-180.62950000000004
-112.88650000000004
-100.19000000000003
-159.38400000000001
-212.56850000000003
-190.0375000000001
-128.14049999999997
-153.7359999999999
-191.93350000000004
-182.30650000000006
-202.1734999999999
-172.33949999999987
-242.48750000000004
-162.94249999999994
-250.00100000000003
-224.463
-131.63949999999997
-335.24000000000007
-106.45300000000007
-195.8704999999999
-207.54900000000004
-120.93399999999998
-223.63650000000018
-207.12049999999977
-177.4175
-300.84950000000015
-187.5379999999998
-200.2904999999999
-281.94049999999976
-177.75800000000018
-244.11250000000015
-222.05950000000004
-175.99050000000008
-173.75200000000004
-199.23450000000005
-78.67949999999999
-267.44699999999995
-295.68100000000004
-269.44050000000004
-304.9615
-180.859
-174.07049999999995
-211.47800000000007
-170.94499999999996
-245.4445000000001
-175.1014999999999
-218.68599999999995
-269.6099999999999
-262.06500000000005
-168.51300000000015
-258.72800000000007
-181.33249999999998
-178.98250000000002
-249.8800000000001
-190.4380000000001
-197.37650000000005
-146.26550000000006
-157.55650000000009
-300.8284999999998
-147.84300000000002
-155.99699999999999
-178.5215
-305.27799999999985
-188.54850000000005
-209.35099999999989
-227.17199999999988
-230.49749999999983
-166.08350000000002
-192.3484999999999
-189.30950000000007
-176.15000000000003
-143.1205
-224.9925000000001
-159.10249999999996
-235.6620000000001
-225.0904999999999
-216.03450000000007
-199.24300000000002
-266.3105
-314.4914999999999
-240.6930000000001
-156.9885
-149.61399999999998
-216.3115000000001
-186.41150000000013
-270.9069999999997
-228.21950000000004
-176.87449999999993
-182.9145
-176.36700000000002
-209.96399999999997
-282.0764999999998
-251.055
-302.9800000000001
-188.03699999999998
-180.10900000000012
-185.07050000000018
-225.05650000000006
-182.2495000000002
-165.80399999999992
-137.92200000000003
-195.2565000000001
-272.5394999999999
-259.82199999999995
-194.02599999999984
-137.61099999999996
-175.00100000000003
-226.23499999999999
-313.2484999999998
-208.6905000000002
-160.78399999999993
-170.80500000000006
-169.60049999999993
-153.83700000000013
-250.66099999999992
-245.5519999999999
-248.95600000000005
-121.50899999999997
-189.64399999999998
-266.14699999999993
-189.66499999999996
-198.95049999999995
-107.68200000000003
-286.14999999999986
-207.54500000000007
-108.81550000000001
-172.18150000000009
-185.6979999999999
-193.1244999999998
-180.5689999999999
-175.47550000000004
-253.44250000000014
-175.93850000000012
-144.89800000000005
-151.99699999999999
-291.84649999999993
-307.2090000000002
-75.74400000000001
-240.68199999999993
-225.23850000000013
-239.6560000000001
-163.06950000000006
-196.7049999999998
-237.18850000000023
-198.39400000000023
-139.59399999999997
-118.70349999999993
-170.50050000000002
-247.67699999999996
-181.73999999999984
-158.391
-225.21350000000007
-228.78599999999997
-294.30899999999974
-150.49100000000013
-192.61550000000003
-205.96900000000002
-194.04350000000002
-135.76449999999994
-170.79949999999997
-247.65800000000007
-221.14649999999992
-237.3160000000001
-323.2674999999999
-152.87949999999998
-166.10299999999995
-234.87250000000023
-160.65549999999993
-140.632
-245.84100000000007
-193.62299999999996
-193.93550000000008
-190.14549999999994
-185.35999999999987
-149.9165
-162.32100000000014
-260.1180000000001
-167.46050000000005
-214.1135
-174.86249999999998
-87.276
-263.1050000000002
-201.1134999999999
-269.9489999999999
-210.6829999999999
-229.54600000000005
-162.11100000000016
-273.5984999999998
-272.078
-199.638
-148.29000000000008
-206.41450000000006
-199.61600000000016
-147.89650000000003
-175.21349999999998
-110.363
-210.14499999999995
-285.64449999999994
-207.9215
-185.61350000000004
-176.55349999999987
-127.13949999999997
-188.13099999999994
-123.40450000000003
-200.4850000000002
-184.38250000000005
-152.91600000000003
-193.97199999999995
-216.65299999999993
-231.67700000000016
-204.63549999999998
-170.4985000000002
-146.98250000000004
-196.69299999999998
-250.84449999999987
-94.7485
-77.44099999999999
-294.06450000000007
-155.4865
-101.46299999999998
-219.03799999999984
-156.1785
-203.41900000000018
-270.85200000000003
-246.15949999999984
-221.49000000000004
-164.10999999999993
-203.39850000000015
-215.93800000000002
-125.91849999999998
-160.24400000000026
-316.01000000000016
-172.01200000000006
-185.09849999999986
-180.6625
-157.69250000000005
-215.13300000000007
-193.83300000000014
-207.24749999999983
-178.5755000000001
-175.64849999999998
-194.1440000000002
-193.33299999999997
-313.6084999999998
-265.49049999999994
-173.43000000000006
-282.343
-160.6035
-169.9710000000001
-226.73649999999986
-260.8479999999999
-268.4745000000002
-109.58200000000001
-164.47350000000014
-243.3845
-232.00949999999997
-251.1985
-157.34949999999998
-193.06300000000002
-186.3975000000001
-123.84449999999998
-243.21150000000006
-90.054
-200.7445000000001
-203.33900000000003
-175.962
-238.17600000000016
-179.58199999999988
-237.28800000000007
-189.26599999999996
-203.12349999999998
-166.18350000000015
-187.0199999999999
-201.278
-304.21950000000004
-191.2110000000001
-216.38250000000016
-158.67049999999998
-153.23850000000004
-143.12550000000005
-264.6295000000001
-232.11999999999992
-161.10499999999985
-226.1415000000003
-267.22099999999995
-193.5405000000001
-165.51650000000004
-149.6665
-180.48599999999996
-214.2190000000001
-295.6915
-305.0144999999999
-180.02750000000006
-73.69100000000003
-285.8109999999998
-210.35200000000012
-171.7029999999999
-217.56199999999995
-207.08249999999984
-201.44899999999993
-223.21749999999992
-188.6760000000002
-268.5304999999999
-223.71850000000003
-364.9679999999998
-288.9505000000001
-209.12599999999986
-183.77200000000002
-182.35199999999992
-268.70550000000003
-227.9305
-295.0514999999997
-204.15650000000022
-301.2239999999999
-243.42549999999972
-179.446
-210.01950000000005
-300.6614999999999
-302.5844999999998
-179.78349999999995
-166.11649999999997
-167.59299999999993
-252.94200000000015
-221.97250000000017
-251.4615000000001
-263.96
-192.5515000000001
-160.27950000000007
-223.41950000000003
-113.53699999999998
-148.19600000000003
-180.96549999999996
-156.43549999999993
-180.9270000000001
-356.62650000000025
-128.65650000000002
-162.28099999999992
-154.9320000000002
-173.7955
-294.45849999999996
-260.7990000000001
-243.97849999999988
-143.06499999999994
-190.2895
-155.57600000000002
-169.7015
-136.75200000000004
-270.0375000000002
-168.78550000000016
-157.34449999999995
-208.0079999999999
-248.4709999999998
-210.73049999999995
-151.02799999999993
-308.144
-218.022
-148.7679999999999
