0
16500
15800
14100
13900
16500
12800
14200
13700
13200
12600
13500
13300
14500
16100
13900
13300
15200
15400
15200
15800
15400
15100
15500
14300
14600
15500
12300
16500
13600
13900
14200
13500
14900
6100
14800
13600
10100
13100
15000
16500
15300
13500
17100
14500
13200
16100
13800
9900
16100
14400
14900
15700
13600
16600
15800
14200
14600
14100
14700
14800
15900
13500
12600
14500
14700
16300
12500
7800
14600
15800
14300
13700
15200
15800
15700
14400
15900
15800
16700
14100
15300
12800
16800
16300
14900
13000
16100
14900
12800
14200
15100
16600
16500
15900
15000
13400
15200
13800
16200
14300
15800
12600
15500
14000
14800
15700
14600
15500
14900
14200
14400
15200
14700
15100
13800
17700
16500
16400
14800
17600
14800
14600
14300
13300
14100
15400
15900
14200
16500
17500
10200
15200
16400
13900
15600
15300
16300
14200
14400
17500
8800
17700
14900
15200
15400
15700
14800
14200
14100
15200
17000
9900
14400
15000
13900
15000
15500
15600
16700
14100
14200
12300
13300
13800
12900
13300
15500
14200
13400
15500
13700
14800
14600
14100
14000
14200
17300
13000
16000
3200
14100
13200
15400
13500
16100
15600
14900
14200
6200
13400
13200
13600
14700
14600
14500
13700
16400
16200
15300
14300
12900
16200
14700
6400
14900
14300
13900
15600
9700
14000
2400
15700
10000
2500
13500
4400
14200
17000
13300
15600
12400
6000
13500
13200
14800
15100
8800
15600
7700
14700
4300
14100
6700
14400
14700
15000
15400
15400
8200
14100
13900
14000
12800
13100
14600
14700
15600
14300
16800
14300
13400
14700
15400
9700
14800
15100
14100
7500
16100
13700
6500
14800
15200
14200
15000
16300
14700
14200
14100
14600
14100
6000
14600
16900
15400
6500
14300
15600
14500
15000
3700
15000
15100
15700
14600
11600
13600
15000
16500
13100
15100
15200
15100
15400
14500
15600
15800
15700
14300
15900
15800
13900
13200
14100
14600
13100
14400
10200
14300
15500
13200
16700
15100
13600
15100
13300
13800
12400
13900
15800
14900
13900
15600
13300
13500
15600
9100
14200
13400
15300
15400
15600
15100
9800
16000
15000
8100
13900
15200
14600
14600
15900
15300
11500
9100
15900
16800
15500
15200
14300
14600
14500
8500
13400
16100
15500
15900
15700
14400
13800
14700
13800
14200
14700
3500
13400
13100
15500
16400
15300
13200
15800
16100
13700
15000
16300
15300
13900
14900
14400
16900
16000
7300
15300
14000
17000
13700
13900
16500
2700
11800
14800
15500
13800
15800
14100
14800
14200
13900
14200
13700
7800
16100
14600
6400
15100
10000
15500
15100
14200
16200
14800
14500
5500
13900
16200
14800
10000
14600
15000
12900
5400
13700
13400
3600
16500
15700
15400
14300
12300
13900
14300
15500
1800
7000
15600
10300
14000
14900
12900
16400
13700
15200
14200
13800
15500
12800
13900
13800
14900
16000
17400
12900
13600
14300
4700
14000
16500
13500
15300
13700
14400
14200
15700
16500
13000
14400
14200
14300
11000
13300
14700
10800
13700
13700
14800
15600
8200
13700
14200
10300
14500
14900
14000
14900
12500
14700
13400
14300
14400
12900
15100
7600
13400
16200
9900
10800
6500
13100
13600
13300
15400
14700
14600
16000
13300
14200
16100
15000
14500
15100
4400
13300
10400
11800
12800
13200
15900
15200
14000
13500
14700
14300
14500
14100
14400
13100
6000
15100
14200
13500
15100
13300
15600
15500
10500
5900
14700
14300
11200
16700
14800
15700
13100
14000
14300
14600
13600
4100
13900
14600
14300
14100
15100
5000
15700
12700
15100
13700
6400
14800
13200
13500
16000
15700
9900
15100
10200
14000
14300
12900
10000
12500
16000
15300
13900
14200
14500
12800
14200
9000
14300
15600
14100
14700
16400
14400
13700
14000
4500
15400
16400
15500
8800
13400
13700
15400
15300
15200
14000
14700
14100
14100
13600
14800
14500
13500
14200
15600
13900
14900
13600
15700
13200
7600
15500
14000
14700
14300
13900
15100
14000
12900
13400
14000
14500
11600
14000
15500
14000
15300
13300
15600
14100
14000
16100
15900
15000
14400
15100
14600
14900
14300
13600
14400
16000
15100
14300
13800
14500
14300
14600
8800
15200
13600
14100
15500
14900
14400
14600
9500
13700
16600
14300
13900
14900
14500
13500
12600
14100
14500
15300
14700
7400
15300
15000
12600
13500
13500
9000
15000
6300
8400
15400
15400
14100
13000
7500
14100
10800
12600
16000
13500
9800
14300
12400
13900
15800
14900
17500
16600
7100
4900
14500
14200
14900
14300
6000
14800
14100
13200
14800
15600
13600
13800
15200
14900
15800
8500
10400
15800
4700
15200
14600
15500
16600
13700
13600
10300
14100
15700
16000
13900
15600
14100
16200
15100
13900
14300
14800
15700
15000
14700
15000
13700
8700
15200
14300
16100
13900
14600
14700
14600
14300
13800
6000
7200
14600
11600
14400
14900
14500
13000
9100
14900
14600
13600
4300
14900
13000
14700
6900
14800
13900
15400
6200
15400
9600
14500
14800
5300
14000
5100
13800
3900
14700
12800
14500
7200
14600
12200
11600
14900
11800
6400
13100
15100
14200
7600
13700
10200
14100
15000
13200
14400
6900
7500
15300
16100
13700
4500
16400
14900
12900
13100
13700
14800
13100
8500
16600
17400
15100
500
13800
7100
13500
14400
18000
15700
14600
14700
14200
11100
13500
14200
14100
14300
15000
8200
14600
14500
12200
16500
14700
12500
5100
14700
14900
14500
2400
14000
14100
11900
13000
13700
15400
13900
15900
12800
14800
13900
13600
13500
14700
5100
7300
14400
14900
16400
14400
12800
15700
8500
15300
5800
13100
13200
10600
15300
15200
14900
15000
13300
14000
13400
14500
15200
16400
13800
15500
14500
14500
14600
14200
11300
15400
15100
12500
12700
13000
16200
17800
11300
14800
13700
11600
8700
7800
15400
14800
10500
14400
15400
14300
13300
13900
15100
14300
14800
1500
14100
14800
13700
11100
15300
10300
13600
14700
14900
14200
16600
16700
14800
13400
15300
14700
17400
12600
14700
13700
12700
13200
15500
14900
12600
14800
15700
14700
15400
13200
13800
14400
5000
14000
9900
15600
7200
13700
16700
8200
16000
13500
13600
11600
14400
14000
5000
15100
13200
14000
13500
4700
15900
14400
14700
9100
14100
14300
3000
9300
15000
14800
15200
7400
15200
13900
4700
15800
15100
14300
14800
15100
9600
13200
8100
8300
14100
13400
14800
16500
13300
14200
14100
14500
13700
12800
5000
8300
12900
15500
15500
6100
6100
3100
10300
15100
15200
15700
15100
4100
13000
14900
1300
5400
11400
12400
16400
15800
15900
13600
8700
13800
14200
16100
2100
13900
13100
8900
11500
14700
12900
14700
15700
16100
14900
13800
14600
15600
5600
6500
15100
10500
14100
14900
14700
12000
15700
14400
6300
14300
13800
15700
14400
13900
15000
15200
6600
15400
5600
14700
15200
11300
9500
11800
5100
17100
14100
13000
12400
13200
13900
14300
4200
16000
13900
14000
15900
15000
14500
11600
14800
7400
6500
15300
15200
14700
15300
13900
13800
13600
13700
2800
13200
15000
15300
6200
4100
14200
15500
13900
14800
13900
13800
13000
3900
14000
13600
4600
9800
14600
15000
14700
13900
15400
11800
14600
6400
13700
15400
15300
14000
14800
5900
4500
14500
16500
8500
14000
16500
9000
13500
13600
12100
3200
13300
6400
14900
5300
8700
15100
5200
14800
15200
12400
14300
13700
13800
13200
9700
4500
13800
13600
14800
13400
14100
6100
14700
14400
12200
14400
14900
15200
13000
12400
8700
13300
14100
15200
15300
14200
16100
11700
7900
11500
16100
13900
15500
14300
13700
12900
13700
14800
12500
13900
13300
3000
12400
13600
15700
13700
14400
15100
16200
14900
15500
10400
16400
15100
13300
14100
6800
4400
15500
6200
14300
12700
15900
13200
16100
14400
15700
13900
12100
12900
14300
13600
10800
15300
14500
15300
15700
14300
15300
14700
15400
14200
15300
13200
6200
13500
16000
4500
15000
3700
15500
15400
16300
8900
13300
16900
12700
14800
16100
12700
15100
15100
6700
13200
3700
3700
6800
15000
14500
13800
9800
5700
12400
3600
16600
13700
4300
5800
6000
3000
2300
10100
16800
9000
13700
12500
14700
9000
9100
13700
11800
14300
14000
6600
1400
14100
12900
6500
11100
13400
10500
16100
14400
12900
14100
15200
6400
13000
9400
15600
13700
14700
15000
8700
14200
12800
14200
13200
13400
12800
14500
14400
14000
15600
10900
13800
14800
14900
15000
14000
3400
15600
15200
13400
12800
15100
13900
15800
12000
14800
13600
15100
7100
9700
14800
4500
13500
14000
10700
15100
14100
16000
13300
14300
14300
14500
12300
14700
13500
15600
16700
15100
15500
15000
15600
15700
8600
13100
8300
14500
15700
7800
15300
5400
15500
4600
9000
15800
5000
2800
6200
8100
14900
14600
5900
10900
14000
16500
11300
15400
11900
12900
14000
14300
15000
14100
13300
8500
12800
15700
12900
15200
13900
15600
13800
5000
15200
16100
10500
13900
15400
14200
14500
9900
13300
14300
14000
7300
16300
16100
14400
14700
8100
15000
12500
9200
14500
13700
14200
14400
16100
15200
14700
12200
13300
14600
13300
13900
14200
10200
13000
14900
3500
13800
13200
14700
15100
7100
7600
15200
14600
13600
14900
13700
15700
12200
16000
15700
14500
13000
2300
2700
7700
11900
1900
10600
17600
14900
14800
14500
13700
14300
12700
8500
15700
13800
13600
7200
14700
4500
14600
12800
13300
14200
9500
7700
15000
7600
15800
11200
14100
15300
15700
3100
2800
9700
6100
13600
5200
14400
13200
5100
10200
15300
10600
8900
13300
13700
11500
8100
14800
13800
15200
15400
14100
13300
11100
14400
13900
14700
13900
15000
13300
14900
5200
15300
3900
15200
7700
14500
5700
15300
9800
11400
13700
14400
14300
12100
14300
14700
14100
6100
14700
9400
10400
14200
13700
12900
11000
14300
14300
9100
16800
13000
13500
5500
14400
6600
14100
2200
10400
13200
9500
7300
5200
3800
13800
13000
13400
6900
14100
3100
13700
14200
2100
3100
13900
14600
14200
14100
13900
3200
11600
12500
13800
8300
10500
14000
3000
7800
13000
12100
14200
13600
10000
15200
6300
16300
8700
9900
15300
1400
13600
13400
14800
14100
12200
14800
12300
15600
12200
3800
14200
5100
14800
4900
11900
13000
15100
12900
14500
14400
14100
2100
13300
14600
14800
10200
13400
14600
10800
13800
13000
14700
7600
15100
4600
9600
12300
14500
14600
14000
14600
9100
7700
13400
13200
14700
12400
15000
9000
13700
13000
15100
11200
14100
12600
13900
10100
14600
7400
3900
7800
6500
14900
15600
11300
14600
16000
11300
8100
16500
15400
15300
14400
14000
13900
3200
14600
13300
16100
7200
11000
5600
15100
14300
15000
14400
7100
15000
14000
13300
13500
14400
7000
14600
13200
13900
16400
2100
14700
14800
5200
13000
9900
7800
14100
12900
14600
12200
3500
6100
16000
14900
14500
16100
14600
15400
5200
14700
15700
15300
15400
14400
5200
13800
6100
4700
9500
15900
13400
7200
17100
12200
14400
10300
13500
4200
13800
14100
10100
13800
8400
14900
14700
14600
14200
13700
12000
13200
13900
13700
6500
13700
14600
8300
10300
9500
11200
13500
16300
15500
4900
15300
15300
12500
8000
4700
12900
16200
14900
13400
13100
15200
13800
5900
14300
15000
15600
15000
12300
12400
13900
14100
14800
14700
15100
9400
13800
9100
14600
15100
7000
1800
8900
13200
10700
14500
12200
14600
14200
14900
15000
16200
16300
14100
900
14500
15300
14900
16300
9500
8200
16600
14000
12800
7700
15000
8500
11600
13800
15100
15900
5600
13100
13200
11000
14300
12700
8900
7400
14100
4600
12500
15500
13400
14000
13100
14000
14900
5300
12900
1200
7500
11500
5000
11400
14400
13000
13900
13500
15300
10100
16200
13900
15300
15900
8800
15200
17000
14200
13600
14600
16200
14900
13000
13100
8900
9200
8400
14900
8800
14400
5600
6900
13800
4800
12300
9600
15200
4900
15100
11700
10500
14500
5000
16000
12900
13100
6100
14600
16000
14600
15200
15700
16500
7400
3800
12500
11600
15500
14700
15400
12300
14800
13900
14900
4500
14400
15100
13700
13000
13800
6700
12600
6400
3900
12700
2900
8500
14400
9300
14200
14400
2400
15400
9200
13600
13900
2400
1200
14500
16000
14500
2800
13000
6100
10400
14000
14800
14500
4400
11800
15000
7500
4000
14000
14300
14300
12900
7800
9600
15000
16100
14600
13800
6500
14700
15200
7500
14300
14300
14100
4900
13800
13200
14600
13000
13200
15400
13600
6300
9900
4100
6800
4800
14500
15000
13600
13400
13400
15900
7800
6000
14300
7200
15800
5500
7200
15400
4200
11600
12000
14300
10800
13400
10000
11400
16100
14600
14800
13800
7900
7500
13800
13200
14800
5800
13500
13800
14100
11200
14400
15100
10300
4800
6400
2300
15300
13600
13900
14800
14300
10000
4200
9400
15000
15800
14600
14100
11700
14200
14200
13700
3000
13400
14500
14200
15900
15800
11900
16300
15400
12200
7700
14500
12100
15800
13600
16000
13700
12600
16700
15300
5000
15600
15500
12900
12600
11100
14900
14400
5500
15200
17600
9200
17200
14300
13300
15200
14200
16000
14900
8500
7600
16500
14000
3200
9600
1600
12900
8700
14100
7700
15000
14000
13800
13800
15200
14700
9200
13100
14700
14500
13800
1100
11700
13700
15300
13300
15100
13100
14100
11800
14900
14600
16300
14700
15400
6800
6000
8200
10200
11000
14400
12500
14200
9400
5100
15600
14700
4400
10900
10500
15100
14000
15000
3300
12800
14800
14600
16900
13400
6200
13000
14600
14900
14700
14400
9700
13900
11300
14400
9800
18000
12600
14800
15700
14000
13100
14400
13800
16000
14700
15100
13500
15600
15600
15800
14600
15300
6700
5300
10400
14800
13600
9100
10800
14200
6400
12700
14000
15100
16500
15100
16700
8500
13000
15500
14000
9800
13300
12700
12100
15400
15000
8100
17200
6100
13800
13100
14200
13200
3200
10200
14300
5900
8300
14200
15700
6700
14900
13100
15600
9400
10100
5700
13600
9600
14300
17600
1800
15200
13600
13500
5500
12800
14400
14000
14800
13900
11600
13600
15900
15200
15000
12600
13900
1200
16200
10000
7200
9700
5300
13500
14600
11800
14700
14900
14700
16100
9900
12500
14100
16100
4400
15400
15200
16500
13400
14100
5500
13400
16500
13200
16000
15200
3200
14400
14300
13100
13600
14200
14000
8800
10300
15400
14700
9700
15000
12100
15200
15100
5700
13900
13400
13300
11400
13900
8200
5900
15500
15300
13500
15600
12800
13000
2100
13500
13600
11100
14700
10500
13700
14300
7800
14500
12900
1500
8200
12600
14400
12500
8700
11900
14500
13600
15300
6400
13500
16700
14700
5400
16000
14300
7500
13500
14100
12600
6600
4100
13500
5300
12900
11500
15700
15000
5300
13800
6000
11700
14000
2200
13000
4500
4300
13300
12900
15000
11600
13700
15300
15100
14700
14600
15100
15200
9000
15000
13300
16000
13800
6900
15200
13700
14100
15400
14100
14200
15500
6600
13400
13200
12000
12500
14300
14900
15500
14700
3900
15300
13800
14700
13300
4600
12700
13400
9100
5100
15000
9200
15600
2000
16400
15600
12900
13400
11800
13300
14700
14300
9600
14200
13500
13200
15500
15600
12600
15700
14100
13200
12100
12800
14700
15100
15100
14400
13900
3600
11000
13600
14500
17000
14400
7200
6100
15400
3100
14400
14100
13500
5800
14500
16700
14700
13700
4300
1000
14400
13400
13700
5800
14400
14900
12100
6600
13000
5000
13900
14500
6500
12100
15300
14000
9500
13600
13100
14600
13700
8500
13400
15500
15300
17100
14900
15100
14400
15200
15800
14100
15200
14500
13800
13800
5300
15400
3300
15500
14200
13600
11100
13800
10700
13700
14200
1800
10000
8200
10700
15400
13400
11300
9300
4000
15500
9800
12300
16100
12900
4900
13500
14800
14200
15300
13600
14300
9600
13600
15700
16400
15000
11500
15800
15900
9000
13000
9600
12400
12200
14700
12800
13400
14900
13500
14600
7800
9000
16300
11300
11900
16000
4400
13400
9100
10900
4900
13600
5100
2600
10800
7000
14700
10400
15200
16500
13800
14700
16700
10000
16100
14400
14200
5900
9900
15700
9800
15000
14500
1500
14400
15000
14000
15100
14100
14400
6200
7300
13700
16200
15400
14000
16200
13100
9300
12100
16300
12500
14500
14900
11200
10500
14600
14000
11900
13400
14400
5200
15300
8000
13500
12800
14900
13800
14400
12500
14700
5900
15200
13400
13600
15400
2400
15200
10700
10900
13900
13800
13400
15600
14200
14900
10800
14700
3300
7600
12700
13500
14200
11400
15000
12900
13000
14400
13600
15300
7700
12800
16300
15200
17300
600
15300
10200
10000
7600
5000
5200
9300
12900
14200
13300
16000
14600
8300
15200
6100
13500
15700
8300
7200
5900
13700
12900
15500
15000
13800
9700
14300
13500
13300
7500
4500
2900
6800
7800
14700
5200
5100
15200
13100
8700
14000
13700
15800
14900
14200
4900
14400
3800
15200
14600
3200
16500
13600
14000
15000
15300
14600
14300
14300
13500
10500
15900
10900
9200
500
13400
11900
14600
14000
14900
14400
12900
6900
16600
14500
15400
11600
13000
13900
15800
16200
14900
13600
16200
16100
14500
13700
13900
16000
15100
14600
14400
14800
12700
9000
14900
7500
15800
14300
14100
4800
13100
14500
17400
7900
14000
7100
10500
12600
14400
15000
14900
14200
14900
14700
14400
14300
15400
15500
10000
14900
13400
11400
15800
14100
15600
10300
15100
17200
2800
8200
13700
10700
13800
15800
7500
10300
16200
15300
13600
15400
15400
13600
14800
14100
16700
5100
13700
10900
15900
15200
3300
15800
12400
4400
16600
10700
13800
16300
15700
13000
7500
15500
9200
13100
16000
600
15100
15500
15200
14000
15400
13300
13400
4300
3800
15200
15400
5800
14300
14200
13700
12500
14200
6600
14800
13800
4100
14500
9400
14300
13600
14300
6500
15000
14400
4500
13600
13600
14600
10700
14600
13900
15600
16300
13000
7200
13700
9000
3600
13400
6900
14800
14500
12600
15300
14600
11800
15600
13000
14000
15600
5800
14200
2500
15100
12300
14500
13000
8200
13700
6200
12600
14800
14500
5700
14600
10000
9400
7300
15200
16400
8800
12800
3100
1600
16100
4300
4600
13800
9600
14600
14000
13400
12700
16200
15100
10600
5300
15500
13200
14900
15200
14400
16400
12900
14500
6100
14700
5400
13000
10000
14200
15800
14400
11900
4600
14700
8900
15500
14700
3300
15000
13600
14000
13400
13000
12500
14000
3000
12900
1600
15300
8100
15600
12200
13800
15200
13600
14300
6000
15200
10300
15700
13700
15900
13300
14800
5200
14400
10700
14900
13800
13500
13900
13700
8300
13600
14300
13800
13000
16000
1000
12400
10800
6400
9200
9400
12700
11800
14000
14000
10900
15000
14300
14500
13300
14000
13800
11000
16000
13700
13300
14700
12000
15400
14500
13100
15900
14900
14300
13900
14300
12300
14500
13200
8800
14600
6000
14900
13000
13100
16700
13100
4500
15300
14400
7200
15700
13200
10000
4100
15200
4500
8100
3300
16200
14900
14000
13600
15400
13100
5500
11200
12800
16100
