0
-22.230499999999985
-21.29050000000001
-18.553500000000003
-18.774999999999988
-21.769000000000013
-28.966500000000018
-20.885500000000004
-18.203000000000014
-24.748500000000014
-25.017500000000005
-35.150000000000006
-17.67449999999999
-27.9895
-29.54499999999999
-25.19250000000001
-20.670000000000027
-22.4925
-16.364500000000007
-21.503000000000007
-25.908999999999995
-21.73700000000001
-27.12150000000001
-18.033999999999995
-20.91550000000002
-21.277000000000015
-21.803999999999995
-18.19200000000001
-22.92800000000001
-16.962999999999987
-30.989999999999995
-19.733000000000008
-22.28900000000003
-20.009500000000013
-22.300500000000003
-20.760000000000016
-19.1095
-21.1085
-24.007499999999993
-29.257499999999975
-22.165500000000026
-18.13700000000001
-18.15399999999999
-19.235500000000002
-28.846499999999995
-22.313
-19.270500000000013
-19.153000000000013
-29.83250000000002
-20.261000000000013
-18.537499999999994
-17.935499999999998
-20.255500000000005
-26.822499999999984
-17.179999999999996
-47.756000000000014
-17.955
-21.709000000000024
-36.6835
-19.201500000000014
-49.90949999999999
-20.707500000000003
-22.336
-24.479499999999994
-24.065499999999982
-18.801000000000002
-17.741999999999997
-17.57150000000001
-16.321500000000007
-23.463000000000008
-22.02549999999999
-22.119500000000006
-24.074500000000018
-25.569000000000003
-20.159000000000006
-18.6295
-26.08600000000001
-26.137500000000006
-17.2645
-17.145500000000016
-14.904499999999999
-17.8105
-18.831000000000017
-23.32150000000002
-15.346500000000004
-17.944999999999993
-17.229499999999998
-28.259500000000013
-22.48799999999999
-28.767499999999988
-19.921500000000012
-16.5505
-26.01150000000001
-19.963500000000007
-21.128
-19.55500000000001
-25.81449999999999
-18.44300000000001
-15.449500000000006
-22.260499999999997
-17.206500000000005
-22.3735
-17.730000000000015
-18.94349999999999
-21.427999999999994
-15.381999999999996
-20.5855
-22.317000000000004
-22.34800000000002
-23.941999999999997
-16.189999999999998
-21.752499999999994
-24.3615
-22.417999999999992
-16.04100000000001
-14.358999999999998
-14.249499999999998
-32.47550000000001
-38.4265
-29.638500000000004
-23.375499999999995
-19.058500000000002
-38.105500000000006
-26.66200000000001
-20.715499999999995
-29.396500000000007
-14.806500000000002
-32.0355
-18.272500000000004
-21.311
-22.464000000000002
-20.901999999999994
-19.33350000000001
-24.394499999999994
-22.978500000000004
-22.061000000000014
-17.506999999999998
-13.298499999999992
-21.780000000000005
-18.960999999999995
-21.987999999999996
-18.70650000000001
-30.738499999999995
-31.655500000000014
-20.74300000000001
-36.338499999999996
-28.79700000000001
-19.697500000000012
-16.380999999999997
-16.336500000000008
-17.942
-34.97650000000001
-23.617000000000008
-20.932000000000016
-33.92550000000001
-31.69449999999996
-19.704500000000014
-19.268000000000004
-25.085
-18.4435
-23.749999999999986
-19.146000000000004
-24.442
-21.407500000000013
-26.207000000000004
-19.16350000000001
-21.9695
-28.440999999999992
-16.303000000000004
-21.79649999999999
-27.946999999999992
-22.585500000000003
-23.38250000000001
-18.113500000000005
-22.347000000000026
-32.059499999999986
-18.742
-35.53649999999998
-26.547000000000033
-19.631999999999994
-29.259500000000013
-17.618000000000006
-18.469
-39.334500000000034
-16.948500000000013
-18.050000000000004
-20.967499999999998
-22.937000000000005
-20.481
-18.9565
-16.433499999999995
-21.39849999999999
-16.884999999999998
-21.731500000000004
-22.68349999999999
-16.683
-32.42100000000001
-18.532500000000017
-20.015500000000014
-21.637499999999996
-32.832499999999996
-20.450999999999997
-18.18000000000001
-22.763500000000004
-27.977500000000017
-18.048500000000008
-18.402999999999995
-23.465499999999988
-27.56099999999999
-17.72050000000001
-18.257500000000004
-17.152500000000007
-20.905000000000015
-19.317499999999995
-17.556499999999996
-18.346000000000007
-16.843000000000014
-23.97300000000001
-21.50200000000001
-16.714500000000008
-16.948000000000018
-33.709
-17.4195
-19.842000000000002
-17.363500000000013
-19.786500000000007
-18.04950000000001
-18.856000000000012
-17.514
-20.568499999999997
-15.713500000000014
-29.689999999999984
-28.742500000000007
-15.81800000000001
-15.562000000000003
-26.722999999999985
-17.487000000000002
-32.041
-15.446500000000011
-18.836000000000006
-21.36400000000002
-22.853000000000005
-30.38449999999999
-16.651999999999987
-22.442999999999998
-25.644000000000002
-19.17100000000001
-16.2265
-23.906499999999976
-23.091500000000003
-21.7945
-16.1545
-20.799000000000014
-17.906000000000002
-26.65800000000001
-19.227000000000007
-19.54450000000001
-16.07200000000001
-19.389499999999995
-18.311499999999995
-28.416000000000007
-20.396500000000014
-17.636000000000006
-26.273000000000007
-29.49100000000001
-17.740000000000006
-23.171999999999997
-19.390500000000007
-21.309500000000007
-30.883999999999983
-17.049000000000007
-19.439000000000025
-24.31850000000002
-24.256000000000007
-16.687000000000005
-16.341500000000003
-24.120500000000003
-18.58950000000001
-21.105499999999996
-19.76
-16.760000000000012
-26.01600000000001
-17.213500000000003
-20.31699999999998
-24.036500000000004
-25.704999999999995
-21.733000000000022
-17.679
-23.811500000000006
-25.67849999999998
-31.80900000000001
-23.066500000000005
-19.761499999999998
-22.903
-17.526000000000003
-15.614500000000001
-20.930000000000007
-26.789499999999993
-25.7045
-22.9065
-36.187999999999995
-30.02100000000001
-21.616999999999997
-25.072499999999987
-17.082999999999984
-16.880999999999997
-16.804500000000015
-21.571000000000005
-21.165499999999998
-22.073000000000008
-17.805
-18.121499999999994
-20.45000000000001
-21.247500000000006
-31.416499999999996
-16.068499999999993
-20.288500000000003
-29.043
-18.665499999999998
-15.561500000000004
-19.61750000000001
-16.126999999999995
-22.925999999999988
-16.554500000000004
-23.690500000000007
-34.19650000000002
-23.395000000000014
-17.689500000000002
-38.24550000000002
-25.728
-19.585500000000003
-18.627999999999997
-16.0385
-19.026999999999983
-24.88649999999999
-18.786999999999995
-16.913500000000006
-24.214000000000002
-25.79950000000002
-22.647999999999996
-26.225000000000005
-20.50500000000001
-19.733499999999985
-16.116999999999997
-25.52100000000001
-14.689500000000006
-17.443
-22.372999999999994
-21.417000000000005
-17.91000000000001
-19.770000000000003
-26.398999999999983
-21.416
-24.239999999999988
-19.333999999999982
-21.740999999999996
-29.817999999999994
-17.81
-19.62149999999999
-22.33400000000001
-20.265500000000003
-19.511
-19.49200000000001
-18.76850000000001
-34.28900000000003
-17.507000000000005
-23.374499999999987
-17.9085
-29.646499999999996
-35.15499999999999
-14.887499999999998
-21.591000000000005
-29.655500000000004
-30.90599999999999
-17.885
-27.514999999999983
-19.257500000000018
-18.495000000000005
-20.5275
-35.0625
-22.143500000000007
-35.648
-21.90800000000001
-14.946000000000009
-18.656499999999987
-19.073000000000004
-18.431499999999996
-27.495500000000003
-24.421500000000012
-25.54300000000003
-18.738
-16.819999999999997
-14.389999999999995
-16.408500000000004
-15.429999999999996
-21.309000000000008
-28.94049999999999
-27.397500000000004
-23.1305
-17.794500000000006
-21.10000000000001
-19.054000000000006
-37.476
-19.667500000000008
-17.672499999999996
-20.182000000000006
-34.480999999999995
-20.320000000000007
-19.4045
-26.061999999999998
-15.734000000000014
-20.837500000000006
-16.6965
-19.364999999999995
-24.121499999999994
-19.09400000000001
-19.813499999999998
-26.668499999999995
-24.35749999999999
-16.320500000000006
-19.34849999999999
-17.43700000000001
-27.04350000000001
-21.62549999999999
-17.95000000000002
-16.2835
-31.56300000000003
-18.119000000000007
-16.114500000000003
-31.415
-24.411499999999993
-22.349500000000003
-21.91949999999998
-26.242000000000008
-16.7635
-27.328
-26.554
-21.75250000000001
-20.123499999999993
-20.27600000000001
-18.22799999999998
-28.071000000000005
-23.85300000000002
-17.530500000000004
-19.996000000000013
-29.74299999999999
-27.666000000000015
-19.6955
-24.423500000000008
-23.163500000000006
-28.54150000000003
-17.509500000000003
-24.957499999999992
-27.1875
-21.935
-18.987000000000005
-16.846000000000004
-17.1685
-18.636499999999987
-19.057499999999997
-16.771499999999996
-21.677999999999994
-17.872500000000006
-16.914000000000016
-17.7865
-23.5135
-29.689499999999992
-17.71150000000001
-16.95000000000001
-22.97499999999998
-22.264000000000003
-18.38600000000001
-20.349500000000006
-31.183499999999988
-17.774500000000003
-17.903999999999993
-17.940000000000005
-18.601000000000013
-23.23100000000001
-22.072500000000005
-24.850500000000014
-22.4815
-18.61150000000002
-18.012
-23.6745
-18.267999999999997
-22.282500000000006
-22.29099999999999
-18.857000000000006
-27.755999999999997
-17.21300000000001
-13.687500000000004
-16.898000000000003
-22.716999999999988
-16.974000000000004
-20.9775
-19.92600000000001
-25.33600000000001
-17.80249999999999
-23.944500000000012
-27.00549999999999
-27.304499999999997
-30.66500000000001
-36.82649999999999
-31.050500000000003
-20.66700000000001
-16.3065
-20.66699999999998
-18.78200000000001
-27.43749999999999
-24.03000000000001
-17.880000000000003
-17.465999999999998
-23.322499999999987
-20.348000000000006
-15.69650000000001
-20.136499999999998
-26.569500000000016
-27.34199999999999
-20.73300000000001
-17.8175
-22.68549999999999
-16.435500000000008
-19.38699999999999
-25.1395
-16.33449999999999
-17.553999999999995
-17.80400000000001
-29.031
-23.339000000000002
-17.0985
-19.243000000000006
-17.444499999999998
-20.888499999999986
-23.162500000000005
-21.716999999999985
-19.654499999999988
-38.271000000000015
-16.808500000000002
-27.088000000000015
-16.772000000000006
-18.250000000000018
-25.8
-20.384500000000003
-16.34600000000001
-19.446999999999985
-20.200500000000012
-15.591500000000002
-17.2585
-23.73050000000002
-25.221500000000002
-21.565000000000005
-20.847000000000005
-22.100000000000005
-17.631000000000007
-25.538000000000018
-24.422999999999995
-23.176500000000008
-20.531500000000026
-21.904000000000014
-14.277500000000002
-19.98849999999998
-27.052000000000007
-23.042499999999993
-20.477000000000018
-14.99699999999999
-16.4025
-28.624000000000013
-20.5725
-22.917500000000018
-24.576500000000017
-20.75800000000001
-18.799000000000017
-26.83749999999998
-32.55699999999999
-26.61500000000002
-18.941500000000012
-18.49200000000001
-22.888999999999992
-22.659499999999998
-30.786999999999995
-19.71900000000001
-21.40849999999999
-21.15950000000003
-18.812500000000014
-19.341499999999996
-21.819000000000003
-15.595999999999997
-34.23249999999998
-22.284999999999997
-17.712000000000007
-26.899000000000008
-16.762000000000008
-17.325000000000017
-33.23149999999999
-21.589500000000005
-25.446500000000018
-26.688499999999998
-26.473500000000012
-25.363999999999997
-14.144000000000004
-20.46249999999999
-25.027499999999993
-16.63949999999999
-16.943000000000012
-18.123000000000005
-19.611000000000004
-15.98300000000001
-20.142
-17.275500000000008
-22.59899999999998
-24.35749999999999
-26.187
-17.339000000000013
-22.752000000000006
-18.081499999999995
-48.181499999999986
-17.668499999999998
-20.838500000000014
-19.638499999999997
-19.480499999999996
-19.788500000000006
-18.157000000000004
-30.465500000000006
-29.50200000000001
-15.886999999999999
-25.108000000000008
-22.558000000000007
-15.6495
-19.929500000000008
-29.63399999999999
-17.60049999999999
-15.357999999999986
-16.77250000000001
-23.115500000000015
-20.8765
-14.818499999999998
-25.65599999999998
-31.54350000000001
-18.02700000000001
-20.797000000000008
-16.65999999999999
-19.042999999999992
-21.909999999999997
-23.057499999999994
-30.415499999999994
-35.07750000000002
-30.17899999999999
-20.291500000000013
-19.505000000000006
-16.131500000000003
-25.470500000000012
-22.912500000000005
-24.196000000000012
-20.50800000000001
-17.320499999999996
-18.16399999999999
-16.54500000000001
-25.858500000000014
-20.576499999999996
-22.18600000000001
-35.03200000000005
-17.88500000000002
-16.443000000000005
-16.078500000000002
-16.161000000000012
-28.15950000000002
-28.528
-17.569499999999994
-22.25699999999999
-32.56300000000002
-18.14550000000001
-15.678500000000016
-23.368999999999993
-22.550500000000007
-23.912500000000012
-15.943500000000004
-20.40950000000001
-16.21
-17.66050000000001
-25.000500000000006
-32.24500000000003
-18.7465
-17.667499999999997
-19.735000000000014
-23.352499999999992
-15.65750000000001
-29.73300000000001
-20.854000000000006
-25.091499999999996
-31.44300000000001
-18.037000000000003
-15.623500000000007
-17.414999999999996
-24.821999999999985
-16.350000000000005
-16.385499999999993
-21.227999999999994
-19.702999999999996
-23.699500000000008
-15.565000000000001
-17.272000000000016
-15.555499999999999
-25.786999999999992
-21.88549999999999
-17.0705
-33.8985
-20.901499999999995
-20.31100000000001
-23.694500000000026
-22.795000000000005
-23.062499999999986
-15.723500000000017
-18.382500000000014
-13.77250000000001
-14.493499999999997
-14.928999999999998
-18.482
-28.711999999999993
-30.20250000000002
-16.450500000000005
-20.727000000000025
-15.47250000000002
-16.933
-25.79050000000002
-20.526000000000007
-18.257000000000016
-18.285499999999995
-18.066
-19.7305
-34.40649999999997
-17.992500000000014
-12.647999999999998
-23.33350000000001
-23.435500000000008
-29.89499999999999
-22.0255
-18.661499999999997
-25.548500000000008
-17.8585
-25.794000000000008
-20.386499999999998
-14.388
-19.261499999999987
-36.75300000000002
-15.839499999999996
-17.493499999999994
-20.905000000000005
-23.076499999999992
-19.369
-27.228499999999997
-24.603999999999996
-19.213000000000008
-17.937500000000014
-27.403500000000015
-19.4745
-27.128000000000004
-20.244500000000006
-17.933499999999995
-23.284000000000006
-23.729999999999997
-18.668500000000016
-28.7565
-15.823999999999996
-25.069500000000016
-23.55400000000001
-14.780000000000005
-28.408
-39.25549999999997
-27.362999999999996
-18.083000000000013
-20.093500000000006
-20.436500000000006
-17.142500000000005
-26.24750000000002
-35.39100000000002
-23.541500000000013
-20.332500000000003
-16.937
-30.71349999999996
-22.78950000000001
-19.79099999999999
-22.535500000000013
-20.48
-15.634500000000006
-26.647500000000008
-28.718499999999977
-29.421499999999977
-21.47350000000001
-15.537
-19.6145
-16.00599999999999
-17.191000000000003
-26.306500000000003
-22.47899999999999
-17.519999999999996
-19.02750000000001
-21.494500000000013
-20.368499999999997
-18.46449999999999
-29.429000000000002
-26.19999999999999
-40.40250000000001
-19.898999999999994
-19.760500000000004
-17.491499999999995
-23.785500000000013
-17.775500000000005
-18.280500000000004
-22.848000000000006
-20.076999999999998
-21.341500000000025
-21.151500000000006
-17.798499999999997
-27.415
-26.094999999999985
-17.643
-28.039500000000007
-16.70149999999999
-37.47149999999999
-16.835499999999996
-32.27800000000002
-35.179500000000004
-16.37749999999999
-20.36600000000001
-8.798000000000002
-34.049000000000014
-25.89399999999999
-15.94450000000001
-25.08199999999999
-24.1125
-22.624500000000012
-27.888000000000012
-24.566500000000005
-17.196999999999992
-17.459500000000002
-18.503500000000003
-20.877000000000002
-22.883
-34.83250000000001
-21.122000000000025
-15.267000000000003
-6.331
-23.8655
-15.249000000000008
-16.728
-18.189000000000004
-25.828500000000005
-20.389499999999998
-17.22350000000001
-17.854500000000023
-35.46699999999999
-24.862
-22.41850000000001
-19.06350000000001
-20.99500000000001
-32.07599999999999
-19.00950000000001
-18.99150000000001
-24.875
-28.798000000000012
-15.011
-19.44400000000001
-18.40800000000001
-23.571
-20.964000000000013
-26.59650000000001
-22.068500000000032
-18.458000000000002
-18.507500000000007
-25.914000000000016
-21.618000000000016
-19.734999999999985
-20.966999999999995
-18.773000000000007
-29.782499999999995
-30.206500000000016
-13.961000000000002
-31.1155
-15.645000000000007
-20.472499999999993
-19.73550000000001
-16.5995
-19.3105
-20.0925
-15.54200000000001
-27.17399999999999
-33.29199999999999
-18.956999999999997
-22.819000000000006
-19.964500000000008
-22.320999999999998
-24.637000000000008
-16.477500000000006
-26.205
-20.952999999999992
-26.568999999999996
-19.28750000000001
-22.992
-19.617500000000014
-20.772000000000002
-16.23600000000001
-25.30050000000001
-22.77650000000002
-26.48899999999999
-16.2635
-32.53200000000001
-15.223499999999998
-20.7645
-19.102500000000006
-21.49600000000002
-20.008500000000005
-25.267500000000005
-16.805500000000002
-18.861000000000004
-20.229
-15.915000000000012
-18.636
-17.10800000000001
-17.789999999999992
-18.3065
-17.927500000000006
-34.427500000000016
-16.324999999999996
-23.907
-16.054500000000008
-33.560500000000005
-21.830499999999994
-18.981
-16.063499999999994
-23.440999999999995
-20.977000000000007
-24.557999999999996
-21.48100000000001
-16.466500000000003
-24.572999999999997
-19.058
-21.267000000000003
-21.187499999999996
-24.03099999999999
-22.811000000000025
-15.165500000000009
-16.032999999999994
-18.410500000000003
-23.503
-23.501
-17.7195
-19.272500000000015
-17.852000000000004
-25.835000000000008
-21.44899999999999
-24.20250000000002
-15.655500000000002
-26.633999999999993
-17.300500000000007
-25.56550000000001
-15.5395
-15.769499999999999
-19.750000000000004
-24.514000000000024
-19.36349999999998
-13.749999999999996
-34.101000000000006
-15.905999999999999
-33.77149999999999
-28.339000000000002
-24.765500000000003
-20.452000000000005
-26.08449999999999
-25.182499999999997
-18.991500000000013
-17.815
-18.427500000000006
-19.497499999999995
-25.92449999999999
-17.761500000000005
-16.46650000000001
-37.285
-25.63799999999998
-15.430500000000007
-18.309000000000015
-16.712500000000002
-15.994
-20.8655
-17.996000000000002
-17.960999999999995
-26.8935
-17.68100000000001
-15.872000000000009
-17.111500000000014
-19.527499999999996
-17.69549999999999
-18.895499999999995
-19.537999999999997
-31.428499999999996
-19.73050000000002
-19.360000000000017
-22.192499999999995
-28.619499999999988
-18.623
-21.305999999999994
-20.596500000000002
-25.627000000000006
-24.5155
-20.16750000000001
-34.95649999999998
-18.994500000000013
-23.450000000000006
-24.245499999999993
-17.311500000000006
-25.953500000000016
-18.800500000000003
-16.028500000000015
-15.837999999999997
-22.001500000000004
-21.05699999999999
-18.75550000000001
-19.760499999999986
-22.198500000000017
-21.3645
-29.820000000000018
-19.740000000000006
-20.83900000000001
-28.356999999999992
-15.278500000000003
-25.9515
-22.079500000000007
-22.696500000000015
-21.37350000000001
-21.485999999999994
-27.1105
-20.519500000000015
-29.869500000000006
-23.557499999999976
-19.57800000000001
-15.822500000000009
-22.453499999999995
-16.491000000000007
-26.442500000000006
-19.5655
-15.765500000000008
-19.476999999999993
-36.638
-18.822
-18.616499999999995
-21.58950000000001
-21.282500000000006
-16.727500000000006
-18.309499999999996
-23.514000000000003
-19.000999999999994
-17.922000000000004
-20.379499999999997
-23.12900000000001
-25.618499999999997
-20.390000000000015
-25.762
-31.488999999999997
-18.233000000000008
-17.456
-20.747999999999998
-21.80800000000001
-25.962999999999997
-16.672500000000007
-17.9645
-23.768000000000004
-17.62700000000001
-21.387500000000003
-15.619500000000011
-22.464500000000008
-22.672000000000008
-16.808000000000014
-16.642500000000013
-21.363500000000005
-15.7075
-18.475000000000005
-23.40600000000001
-35.135499999999986
-30.898500000000016
-32.611000000000004
-16.794500000000006
-20.225499999999997
-20.105500000000003
-17.21900000000001
-16.83299999999999
-18.910000000000004
-18.269000000000005
-17.529500000000006
-18.736000000000004
-21.341499999999986
-41.393499999999996
-27.788999999999998
-17.84800000000002
-18.353500000000004
-23.2415
-22.392999999999994
-17.439500000000006
-26.852500000000024
-18.86499999999999
-31.385499999999986
-29.529999999999994
-22.247
-20.016500000000025
-18.441000000000003
-35.87850000000002
-27.7885
-23.150500000000005
-14.411000000000012
-23.626500000000004
-19.0615
-19.80950000000002
-19.4515
-17.853000000000005
-24.073500000000013
-21.228000000000016
-18.313500000000015
-33.049500000000016
-15.850499999999998
-18.648999999999994
-25.92750000000001
-20.783999999999995
-18.7735
-27.4645
-25.88500000000001
-22.57250000000003
-21.286999999999995
-20.199499999999997
-21.438999999999982
-22.365499999999994
-17.522499999999997
-16.845499999999998
-17.143999999999995
-17.202499999999993
-20.195999999999987
-20.383000000000006
-31.172000000000004
-17.183499999999995
-21.222500000000018
-22.884500000000006
-38.990500000000004
-20.375999999999998
-16.948499999999996
-15.540500000000012
-27.6045
-19.5635
-27.138499999999997
-17.452499999999997
-23.386000000000006
-25.10199999999999
-27.420000000000012
-17.039500000000004
-20.00600000000001
-34.04250000000002
-26.38150000000002
-21.34599999999999
-24.319
-17.074000000000005
-20.085500000000014
-26.359999999999996
-25.865500000000004
-17.848499999999998
-17.950000000000006
-16.850999999999996
-26.303499999999993
-34.32100000000003
-18.800500000000007
-31.309999999999988
-15.8815
-18.205500000000004
-15.6575
-20.438000000000024
-18.46700000000001
-22.110500000000005
-16.310499999999998
-39.94000000000001
-19.562500000000014
-23.335999999999984
-15.613499999999991
-20.012000000000018
-15.487500000000006
-25.835000000000004
-29.539
-16.1215
-23.6525
-16.809499999999993
-29.063000000000017
-17.745000000000005
-19.411
-19.698500000000013
-19.173499999999997
-17.409499999999998
-19.488500000000005
-20.750500000000013
-17.915000000000017
-19.4245
-18.831000000000007
-29.429500000000008
-23.141000000000005
-23.3705
-28.491
-24.242499999999993
-25.920000000000005
-24.127499999999998
-21.09600000000001
-24.96449999999997
-22.431499999999996
-14.7015
-22.394000000000002
-18.124000000000013
-16.9015
-29.375999999999998
-18.087500000000016
-16.412999999999997
-17.301500000000015
-16.017000000000003
-15.873999999999997
-24.499500000000012
-21.800499999999996
-22.015500000000003
-23.56600000000001
-15.256000000000006
-20.037500000000012
-23.46200000000001
-17.318000000000016
-15.886000000000008
-38.39950000000001
-19.767999999999986
-24.83999999999998
-17.872999999999994
-20.54850000000001
-26.040999999999993
-20.380000000000006
-18.2145
-22.087
-20.096500000000024
-25.179000000000006
-17.06500000000001
-17.84450000000002
-17.474000000000018
-37.99449999999997
-16.210500000000017
-19.335999999999995
-21.713000000000005
-25.31249999999998
-17.552999999999997
-16.950999999999997
-14.949000000000003
-29.630500000000012
-21.676
-22.502499999999994
-20.709500000000006
-16.13450000000001
-27.56749999999998
-17.734000000000012
-20.95349999999999
-23.53000000000001
-26.307000000000002
-19.30100000000001
-15.787499999999993
-27.004499999999993
-16.28600000000001
-21.657500000000017
-15.544000000000002
-22.848000000000017
-26.552000000000007
-41.590499999999956
-26.7685
-20.796500000000005
-27.686000000000018
-15.46949999999999
-18.770500000000002
-19.792000000000005
-24.785499999999985
-21.61949999999999
-15.670999999999998
-18.206000000000014
-29.40199999999999
-28.676499999999997
-31.870500000000014
-15.465500000000013
-23.627000000000017
-25.299000000000017
-21.761000000000003
-26.434000000000015
-17.307999999999993
-15.726000000000006
-24.047999999999995
-15.897999999999998
-21.716999999999995
-24.422500000000017
-17.328000000000003
-17.660000000000004
-21.41400000000001
-17.6535
-18.77800000000001
-14.948500000000005
-18.113500000000013
-17.683
-31.697999999999993
-23.210499999999985
-24.552499999999977
-23.980999999999995
-25.73949999999999
-21.263999999999996
-25.694000000000027
-19.105000000000004
-20.945500000000003
-23.504
-32.8805
-18.224499999999992
-22.703000000000024
-19.122000000000014
-20.163
-23.151999999999976
-18.595
-20.674000000000003
-22.425500000000014
-20.462000000000003
-17.484500000000008
-22.500499999999995
-22.391500000000008
-17.737000000000002
-17.523999999999997
-18.2495
-17.805999999999994
-19.019500000000022
-42.17049999999998
-22.3375
-33.97899999999999
-15.5085
-33.85449999999998
-17.557000000000002
-21.698000000000008
-28.04450000000001
-18.857000000000024
-22.9305
-28.808500000000002
-13.065000000000001
-16.967
-32.799500000000016
-22.5055
-45.15599999999999
-19.478499999999997
-17.5875
-19.3185
-20.378500000000024
-16.817000000000007
-17.429500000000004
-29.305
-19.675499999999992
-30.730500000000006
-16.711
-16.860499999999995
-18.650500000000005
-17.03300000000001
-11.910499999999997
-25.220500000000012
-20.855000000000008
-23.216500000000007
-32.31200000000001
-23.0145
-20.238500000000002
-15.0195
-17.176
-33.406000000000006
-21.30950000000002
-31.108499999999996
-19.594999999999995
-27.811999999999998
-18.631000000000018
-17.172000000000004
-35.62599999999998
-14.398000000000005
-17.433000000000003
-23.97649999999999
-29.218500000000006
-19.02350000000001
-16.797000000000004
-24.131000000000014
-20.0575
-26.824000000000005
-23.343000000000018
-23.819500000000012
-18.812500000000014
-20.12750000000002
-19.936999999999994
-24.610500000000002
-21.980000000000004
-17.561499999999995
-18.462000000000007
-22.139000000000014
-15.805499999999997
-29.522000000000016
-21.38100000000001
-34.04450000000003
-25.142000000000007
-17.088500000000007
-20.95900000000002
-19.064499999999992
-21.575500000000005
-16.543
-25.32000000000001
-23.205500000000036
-19.312999999999995
-17.935500000000008
-14.3575
-19.26400000000002
-18.74600000000001
-19.473500000000016
-15.858500000000003
-24.323499999999985
-18.305
-17.2685
-22.800000000000008
-31.796500000000012
-17.107500000000005
-19.729499999999994
-18.558999999999997
-31.786500000000018
-20.862000000000002
-17.592499999999994
-17.664500000000007
-29.66949999999999
-22.269000000000002
-22.985500000000023
-25.56049999999999
-25.32400000000002
-29.286500000000018
-22.1505
-17.042500000000004
-15.762500000000001
-19.537999999999997
-20.060500000000008
-19.385000000000016
-28.967500000000026
-15.355000000000002
-17.573999999999998
-36.113999999999976
-37.35649999999999
-17.091999999999995
-24.452499999999993
-23.049
-19.007500000000018
-19.24550000000002
-26.81400000000002
-21.034499999999987
-15.891999999999985
-18.553000000000008
-19.90350000000001
-25.827
-16.770500000000006
-18.1585
-18.423499999999997
-25.916500000000013
-24.59400000000001
-19.222
-26.40299999999999
-22.301500000000008
-23.748
-25.942499999999992
-16.001000000000012
-27.30200000000002
-19.803999999999995
-17.83649999999999
-17.256999999999998
-15.289
-17.554999999999996
-28.00250000000001
-16.757500000000007
-19.909000000000027
-15.046500000000009
-19.737000000000002
-18.153000000000002
-18.14050000000001
-17.343000000000007
-18.203000000000014
-18.798500000000004
-16.254500000000004
-35.259499999999996
-19.531500000000005
-20.554499999999997
-25.05299999999999
-14.244000000000009
-17.497500000000016
-20.94400000000001
-21.522999999999993
-19.60599999999999
-18.388499999999986
-40.78050000000002
-19.947999999999986
-27.390500000000007
-15.435000000000004
-16.47
-21.713500000000007
-29.57650000000001
-18.813499999999998
-18.27549999999999
-20.215000000000007
-19.9235
-19.978
-20.3915
-17.129999999999992
-16.15850000000001
-38.23700000000003
-19.957
-22.687999999999995
-18.054500000000004
-23.589500000000005
-25.99850000000001
-15.134000000000007
-19.051000000000005
-27.482499999999998
-19.478500000000007
-19.315500000000018
-24.73899999999998
-16.655499999999993
-22.349500000000003
-19.470000000000006
-22.776999999999997
-16.475999999999996
-28.37899999999999
-16.651500000000013
-15.265999999999991
-20.166999999999998
-19.86000000000001
-19.95150000000001
-15.49450000000001
-16.243000000000002
-25.2075
-23.438
-15.621499999999997
-18.946500000000004
-19.616999999999997
-19.37750000000001
-32.69500000000002
-24.859500000000008
-19.552499999999995
-17.853000000000005
-30.251499999999982
-22.144500000000026
-16.690000000000005
-16.989000000000004
-28.95899999999998
-38.48049999999999
-34.590500000000006
-16.413500000000006
-20.467500000000005
-42.05649999999999
-19.052500000000006
-19.233499999999996
-16.718000000000004
-22.353500000000015
-23.647
-13.116499999999998
-17.292500000000015
-24.810499999999994
-18.624000000000013
-17.974
-16.842499999999994
-26.411999999999992
-19.324000000000005
-22.619999999999997
-18.589500000000015
-15.034000000000013
-28.9345
-21.153
-28.5885
-17.055500000000013
-19.754
-17.904000000000007
-27.944499999999994
-13.912999999999998
-18.64450000000002
-25.72349999999998
-28.25150000000001
-15.969999999999992
-16.958500000000008
-16.921500000000016
-16.007500000000007
-21.69899999999998
-17.295999999999996
-18.4685
-27.613499999999977
-27.236000000000008
-25.0185
-27.19449999999999
-23.861499999999978
-18.711500000000015
-13.979999999999997
-17.170499999999997
-17.89
-29.931
-16.791500000000003
-27.442999999999998
-19.090500000000006
-25.01250000000001
-44.20450000000002
-18.804499999999994
-26.49800000000001
-27.682000000000013
-20.365499999999997
-19.341499999999996
-18.285499999999992
-19.17000000000001
-24.043499999999998
-15.818999999999997
-31.468000000000025
-16.271999999999995
-20.27749999999999
-16.86850000000001
-18.707500000000017
-16.435999999999993
-32.2235
-28.198500000000003
-18.97050000000001
-19.505499999999994
-33.85100000000001
-27.13199999999999
-18.611499999999992
-21.890500000000003
-22.07950000000002
-18.9165
-35.031500000000015
-18.445499999999996
-21.000000000000018
-33.51850000000001
-28.199499999999972
-18.823
-18.1705
-18.77650000000002
-17.55650000000001
-16.8305
-17.072499999999994
-18.824499999999997
-32.58099999999998
-20.57050000000001
-23.674
-23.12250000000001
-27.390000000000025
-35.56450000000002
-20.746999999999996
-30.771
-37.63450000000002
-19.631500000000006
-21.2045
-26.975
-13.828500000000005
-17.438
-19.429500000000004
-21.541500000000003
-30.8345
-19.69800000000001
-20.776000000000003
-21.91549999999998
-18.915499999999994
-27.444500000000012
-25.992000000000022
-29.404500000000006
-28.559000000000008
-28.898499999999977
-19.678000000000004
-17.541
-25.104000000000017
-35.12300000000001
-20.545500000000008
-15.863500000000005
-18.497500000000016
-19.871500000000015
-19.336999999999996
-25.122499999999988
-20.171000000000006
-24.985500000000005
-26.559500000000014
-24.140500000000003
-18.072000000000006
-22.544000000000015
-19.11949999999999
-31.066500000000033
-20.43750000000001
-16.723499999999994
-27.322499999999998
-17.93300000000001
-21.994000000000007
-19.181000000000022
-35.747000000000014
-22.107499999999998
-20.076499999999985
-13.2405
-19.039500000000004
-27.86849999999999
-16.905
-20.619000000000007
-16.79
-16.84
-16.983999999999995
-19.47600000000001
-31.349000000000025
-19.028500000000037
-18.433500000000002
-35.506000000000014
-15.984000000000009
-22.598500000000005
-15.635000000000003
-27.20600000000002
-18.869
-17.720000000000006
-15.191
-15.923999999999994
-16.172000000000004
-19.535
-32.72750000000002
-21.196499999999993
-16.267999999999997
-20.98750000000001
-26.121000000000006
-21.022499999999994
-17.8325
-45.8805
-20.36800000000001
-20.266000000000002
-18.523999999999997
-23.884999999999998
-19.2075
-25.8735
-30.74699999999999
-18.335000000000004
-26.7925
-26.551999999999996
-16.781500000000005
-16.006500000000017
-26.845999999999975
-15.810500000000008
-17.54000000000001
-24.586500000000004
-22.296500000000005
-33.9505
-15.487500000000004
-20.82049999999998
-13.292500000000002
-25.764499999999988
-20.79349999999998
-22.903000000000006
-22.18700000000001
-15.970999999999993
-17.882500000000004
-17.295000000000005
-21.156500000000012
-18.22450000000001
-15.803000000000004
-19.24450000000001
-16.025
-23.55299999999999
-23.363
-19.03250000000001
-32.82599999999998
-28.179999999999996
-17.844999999999995
-34.288
-19.570500000000017
-19.61900000000001
-24.489000000000004
-16.15700000000002
-16.132500000000007
-47.598000000000006
-16.795500000000004
-28.608500000000003
-21.92149999999999
-30.585500000000007
-15.235500000000007
-23.677500000000002
-26.778000000000002
-21.16400000000001
-15.746500000000017
-22.552999999999987
-22.00250000000003
-22.384000000000004
-19.13450000000001
-17.384
-16.018000000000008
-18.894000000000002
-26.871500000000005
-19.696000000000005
-29.765000000000004
-22.781500000000015
-17.683000000000007
-25.862500000000026
-19.297500000000003
-19.985999999999983
-21.275500000000005
-21.875000000000007
-35.662000000000006
-19.256499999999996
-27.858000000000015
-26.682499999999987
-23.28650000000001
-21.726000000000017
-15.768500000000005
-21.223500000000005
-16.242000000000004
-25.84099999999999
-17.241000000000014
-16.12800000000002
-21.1435
-22.2285
-26.874999999999986
-17.925500000000003
-32.71849999999999
-22.021500000000003
-18.937999999999995
-20.600500000000004
-16.672999999999995
-28.98349999999999
-22.778499999999994
-18.2475
-17.250499999999995
-11.844500000000004
-18.0015
-25.470999999999997
-23.262499999999996
-24.168500000000012
-18.08750000000001
-19.877499999999998
-15.017000000000008
-30.702499999999983
-18.071
-26.791999999999994
-17.438500000000015
-31.253000000000007
-25.486499999999992
-17.52300000000001
-17.489499999999992
-44.19149999999999
-20.573500000000006
-22.817000000000007
-18.961000000000002
-21.048499999999986
-28.42250000000001
-28.135500000000015
-19.684500000000007
-20.67900000000002
-16.947499999999998
-16.033
-17.370000000000015
-20.628000000000014
-26.5015
-19.438499999999994
-21.102999999999998
-19.139500000000012
-15.662500000000005
-19.76000000000001
-26.79400000000002
-14.302500000000002
-18.956000000000003
-26.703999999999997
-31.858499999999985
-24.480999999999987
-22.720000000000006
-14.742000000000008
-31.192
-34.98099999999999
-41.60349999999998
-17.173999999999996
-22.356000000000012
-21.115
-17.494500000000006
-26.566500000000016
-15.668000000000012
-16.054499999999994
-28.69699999999998
-19.2745
-20.8365
-22.90200000000001
-18.72899999999999
-17.76500000000002
-29.382
-20.220500000000005
-31.339499999999994
-17.949000000000005
-15.813500000000003
-27.406999999999975
-20.78750000000002
-16.50500000000001
-28.422000000000004
-17.996500000000005
-16.463500000000003
-33.5705
-17.7855
-24.942499999999995
-17.208000000000002
-36.348999999999975
-19.272000000000006
-29.055999999999994
-30.521500000000007
-25.64
-25.11400000000001
-20.727000000000004
-29.471
-21.672000000000015
-5.148000000000001
-31.170500000000004
-15.4485
-19.76399999999999
-17.3685
-18.131499999999996
-18.337999999999983
-17.07099999999999
-15.204000000000006
-16.603
-19.342499999999998
-29.9935
-23.17950000000001
-20.684999999999995
-18.025000000000002
-15.405500000000007
-22.327500000000008
-19.13299999999998
-27.002499999999998
-24.3015
-17.84500000000001
-16.484500000000004
-17.963500000000007
-15.652500000000007
-33.511500000000005
-23.165499999999998
-25.904499999999995
-21.065
-21.521500000000017
-21.939000000000004
-18.406500000000005
-17.529
-21.386000000000006
-24.574999999999992
-25.325999999999997
-24.67849999999999
-22.246500000000005
-20.781499999999998
-18.052000000000014
-20.658999999999992
-30.41099999999999
-21.65949999999999
-17.8375
-20.277500000000014
-21.694500000000005
-26.645000000000007
-28.87549999999999
-19.298500000000015
-22.955499999999997
-19.541500000000013
-26.107
-18.628000000000004
-15.003000000000009
-19.034000000000002
-28.648000000000003
-17.92600000000001
-21.238500000000005
-24.64900000000001
-33.5035
-16.547000000000004
-18.909999999999997
-19.042000000000023
-29.757499999999993
-16.458500000000015
-18.19450000000001
-24.137000000000004
-19.12450000000001
-25.526500000000006
-22.016
-36.765
-14.695000000000004
-16.373499999999996
-17.373500000000007
-21.51150000000001
-17.439500000000006
-19.910500000000013
-26.1065
-18.021
-18.79450000000001
-15.488
-20.80549999999999
-26.95450000000001
-17.580000000000005
-23.176000000000005
-34.064499999999995
-23.068000000000012
-15.884499999999994
-16.8465
-19.716
-17.63800000000001
-32.2205
-19.055499999999988
-14.893000000000008
-22.453000000000007
-27.445999999999998
-25.82000000000002
-22.414000000000016
-27.658999999999992
-17.903999999999996
-16.488000000000003
-25.39150000000002
-13.561000000000007
-19.858500000000003
-23.681000000000004
-17.382499999999997
-20.528500000000005
-33.0235
-18.502499999999994
-33.163000000000025
-11.598000000000003
-26.209999999999994
-25.856999999999985
-21.485500000000023
-17.809000000000005
-25.722000000000012
-18.451000000000008
-25.817999999999994
-17.467499999999998
-16.949999999999996
-26.626
-18.712
-17.51900000000001
-20.717500000000005
-16.454
-38.4485
-38.682500000000005
-21.98299999999999
-23.624999999999982
-18.321499999999993
-21.266500000000022
-37.113000000000014
-15.590500000000004
-24.09800000000001
-18.52849999999999
-18.85850000000001
-22.126499999999997
-31.569499999999998
-17.292500000000004
-18.865500000000015
-25.661000000000023
-15.915000000000001
-19.179000000000006
-20.576000000000008
-28.37700000000001
-35.74099999999999
-21.43249999999999
-28.51950000000001
-37.437
-24.971000000000025
-16.901500000000006
-22.920499999999997
-25.19
-34.7735
-30.356000000000016
-17.18850000000001
-20.511500000000026
-18.1685
-18.378499999999995
-19.65950000000002
-19.24900000000001
-20.433
-18.91900000000002
-23.030499999999986
-15.155500000000004
-20.451499999999996
-15.914000000000003
-17.4095
-15.605499999999997
-21.875499999999985
-19.870000000000015
-24.379000000000012
-15.071499999999999
-28.883499999999998
-25.75449999999999
-23.480000000000008
-28.556000000000004
-32.79249999999998
-21.867499999999993
-16.195500000000003
-15.99499999999999
-32.154499999999985
-16.56450000000001
-16.81000000000001
-19.512500000000003
-17.317
-27.566500000000005
-21.5115
-19.461000000000006
-29.916499999999985
-19.789999999999992
-18.811
-15.906500000000003
-35.58099999999999
-17.2275
-16.52850000000001
-16.555
-16.658500000000004
-16.966499999999996
-17.78550000000001
-29.048500000000015
-17.40150000000001
-38.096000000000004
-21.74650000000003
-38.53600000000001
-20.203999999999997
-19.173999999999996
-31.57049999999997
-23.947500000000005
-35.40550000000003
-15.045500000000002
-17.077000000000005
-25.238999999999983
-33.9825
-20.272
-20.74350000000001
-16.705500000000008
-21.970499999999998
-26.215500000000002
-21.261500000000016
-25.765500000000014
-23.931000000000015
-18.267499999999995
-31.4455
-16.244500000000002
-16.57650000000001
-20.788500000000024
-15.052000000000008
-19.825000000000006
-28.36449999999999
-29.927999999999997
-22.040000000000017
-13.451500000000005
-33.12049999999999
-31.921000000000014
-26.564500000000013
-30.041999999999998
-16.496999999999996
-19.948500000000006
-17.225499999999993
-24.382499999999997
-18.329000000000004
-16.20600000000001
-16.06100000000001
-23.25899999999999
-15.798500000000006
-16.622500000000002
-27.37449999999999
-21.519500000000008
-30.284
-22.21899999999999
-16.332500000000003
-25.544000000000004
-22.532999999999994
-17.755000000000006
-15.718999999999996
-14.253999999999998
-12.309000000000001
-17.726999999999997
-14.968000000000007
-32.206
-17.3115
-14.077500000000008
-33.34400000000002
-16.827000000000005
-21.94350000000001
-38.27800000000003
-18.242
-17.9735
-28.28500000000001
-27.220499999999987
-15.467
-20.000500000000013
-19.804000000000002
-22.20299999999999
-37.573000000000036
-34.62850000000001
-16.7065
-18.546999999999997
-18.16549999999999
-26.038499999999992
-19.788500000000013
-20.734500000000004
-27.508500000000026
-18.009999999999998
-17.0825
-32.90900000000002
-19.522999999999996
-16.778999999999996
-22.498499999999982
-23.685499999999994
-20.53750000000001
-24.476999999999997
-22.49750000000001
-16.195499999999996
-25.136000000000006
-39.727000000000025
-18.914000000000012
-23.06799999999999
-25.803000000000008
-30.11850000000002
-29.754500000000007
-22.535499999999995
-34.67249999999999
-35.8055
-37.5675
-16.878000000000007
-18.7565
-23.288000000000007
-36.21499999999999
-22.179999999999993
-19.80399999999999
-21.89449999999999
-25.337000000000007
-16.936500000000006
-24.29400000000001
-6.748
-24.177499999999995
-27.444500000000026
-17.466
-25.43
-15.788000000000002
-26.823000000000015
-25.317000000000007
-19.089999999999986
-22.73100000000001
-19.556500000000028
-14.969000000000017
-16.95749999999999
-28.871999999999993
-17.755499999999998
-20.298999999999992
-19.563500000000015
-34.68449999999998
-29.268999999999988
-26.01249999999999
-17.608000000000004
-17.102499999999996
-21.96950000000002
-16.909499999999994
-19.007000000000016
-18.633500000000005
-15.00850000000001
-19.799500000000002
-20.737499999999997
-31.420000000000005
-18.049500000000002
-16.792000000000005
-28.447499999999987
-16.6845
-27.882500000000014
-20.89700000000002
-19.902999999999995
-19.177999999999997
-20.888999999999992
-17.627499999999994
-25.421500000000012
-18.652000000000008
-17.222999999999995
-14.908000000000003
-18.620500000000003
-15.632000000000003
-28.601499999999984
-28.17700000000001
-29.2695
-17.49449999999999
-18.174000000000003
-24.604000000000003
-19.251999999999995
-15.8515
-16.488499999999995
-17.492000000000004
-28.692999999999998
-25.523000000000003
-17.80550000000002
-16.077499999999993
-22.588
-20.71350000000001
-20.322499999999998
-20.97600000000001
-28.468999999999987
-30.497499999999977
-17.599500000000003
-19.588000000000008
-20.741499999999995
-18.402500000000007
-20.981999999999996
-17.402499999999996
-18.26300000000001
-18.96599999999999
-19.500999999999998
-20.577999999999985
-22.840000000000003
-16.3985
-26.761499999999998
-23.933499999999995
-16.575500000000005
-27.995000000000008
-29.217000000000017
-17.880999999999997
-19.408999999999992
-21.231000000000027
-22.758499999999994
-18.542500000000008
-15.073499999999996
-36.831500000000005
-16.77700000000001
-18.901000000000003
-24.36100000000002
-23.439500000000013
-16.940000000000005
-19.94600000000001
-15.197500000000003
-15.536000000000014
-15.293999999999999
-18.896499999999996
-16.423000000000002
-22.665
-20.474500000000027
-16.854000000000006
-16.688500000000005
-21.413500000000006
-21.246500000000008
-15.634499999999996
-23.66300000000002
-26.51499999999999
-15.97900000000001
-21.825999999999993
-17.184000000000008
-34.738
-31.213499999999986
-16.826999999999984
-15.926500000000003
-15.670499999999995
-19.109499999999993
-30.709500000000013
-22.956500000000013
-23.214
-34.70750000000002
-22.039000000000012
-15.750499999999999
-22.980500000000006
-20.419500000000014
-30.964499999999997
-18.110000000000014
-19.30649999999999
-21.001999999999992
-16.442
-33.66850000000001
-20.492
-24.516500000000025
-20.973499999999987
-17.5525
-21.048000000000002
-24.580000000000013
-15.546499999999995
-24.206499999999963
-21.43900000000001
-14.664499999999999
-21.66100000000001
-14.919500000000005
-21.989500000000003
-22.310000000000013
-13.990000000000002
-34.733500000000014
-16.39549999999999
-27.742500000000007
-27.049
-34.201499999999996
-19.140500000000007
-20.763000000000016
-18.72200000000001
-23.414999999999992
-21.016499999999997
-24.8345
-18.036000000000012
-19.28049999999999
-16.830499999999994
-13.701499999999996
-22.325500000000005
-21.28600000000001
-22.83150000000001
-18.790000000000003
-15.748000000000003
-18.388500000000015
-17.571000000000005
-18.220499999999994
-34.33650000000003
-30.755499999999994
-15.58
-19.486000000000004
-25.96499999999999
-19.494500000000006
-15.640500000000007
-26.08750000000001
-23.67149999999999
-36.5815
-20.166000000000007
-22.697499999999998
-23.824500000000008
-15.732500000000007
-18.395000000000014
-18.310499999999994
-23.29850000000001
-14.869500000000004
-20.072999999999997
-19.218000000000007
-19.443999999999996
-15.601499999999998
-29.482499999999995
-16.636000000000013
-17.426500000000008
-16.9715
-17.662500000000012
-16.360000000000003
-21.36599999999999
-18.292500000000004
-27.55999999999999
-22.813000000000002
-17.81800000000001
-29.886999999999993
-18.6525
-17.54750000000001
-16.300500000000007
-14.628500000000008
-32.803499999999985
-22.54
-16.856999999999992
-17.817500000000013
-17.798500000000008
-19.148999999999994
-24.206999999999987
-14.331499999999995
-19.731500000000008
-16.581500000000005
-18.1925
-19.604000000000017
-17.663000000000004
-23.022999999999996
-20.053
-23.449500000000004
-20.903000000000016
-15.831499999999995
-12.0265
-19.637500000000014
-28.700499999999987
-19.455999999999996
-20.755499999999998
-21.889999999999993
-15.725000000000003
-25.051500000000015
-32.898499999999984
-20.288499999999996
-23.074500000000004
-17.974
-15.826499999999992
-23.051000000000002
-16.272500000000008
-16.278500000000008
-21.90199999999999
-25.575999999999993
-40.44950000000002
-22.55749999999999
-27.407999999999994
-19.4155
-27.333000000000002
-22.645999999999997
-17.120499999999996
-19.4605
-21.137500000000003
-31.868499999999997
-26.432000000000013
-20.491999999999987
-19.242999999999995
-21.60700000000002
-21.743000000000013
-24.349000000000004
-23.215000000000014
-22.445000000000007
-28.700999999999993
-17.449500000000008
-21.899500000000018
-15.980500000000008
-25.361500000000007
-22.789499999999993
-19.0285
-18.496999999999996
-20.771499999999996
-25.397999999999996
-33.46700000000002
-14.32099999999999
-17.35
-18.70900000000001
-15.447500000000009
-18.392500000000013
-19.9445
-17.035500000000003
-24.727
-25.037
-17.731499999999997
-17.702499999999993
-19.92949999999999
-23.46950000000001
-16.52650000000001
-18.114500000000003
-22.591500000000018
-32.0415
-17.112999999999996
-15.918000000000003
-17.47449999999999
-21.811000000000003
-15.905500000000005
-16.742500000000007
-25.204999999999995
-16.769500000000008
-17.532000000000007
-16.4225
-17.11200000000001
-18.5205
-16.622000000000007
-16.06649999999999
-26.865499999999987
-16.963500000000003
-17.585
-18.006499999999996
-22.940999999999995
-36.82050000000002
-16.873499999999993
-33.65000000000003
-22.877499999999994
-16.626999999999995
-18.68800000000001
-19.496000000000013
-17.463
-16.6875
-18.30450000000001
-25.0465
-17.544000000000004
-21.821500000000004
-38.93600000000003
-19.0085
-21.35999999999999
-17.206500000000002
-17.11
-30.618000000000002
-24.771500000000007
-15.24650000000001
-33.06599999999999
-19.63749999999999
-21.32350000000001
-19.572499999999994
-17.021500000000003
-16.096000000000004
-17.389500000000005
-18.148999999999997
-18.66350000000001
-20.1615
-18.669500000000024
-29.518
-15.254000000000008
-17.40999999999999
-16.391
-18.614500000000007
-20.380999999999993
-18.2245
-17.8925
-15.779499999999995
-16.085999999999995
-29.187499999999964
-18.171500000000005
-19.772500000000015
-16.27549999999999
-16.57800000000001
-28.872999999999998
-19.551
-21.51050000000001
-19.2865
-16.106499999999997
-21.347500000000004
-25.01649999999998
-16.013999999999996
-40.698499999999996
-23.20249999999999
-22.502
-20.75300000000001
-16.844500000000004
-16.893000000000008
-16.323500000000013
-32.694500000000005
-21.316000000000006
-20.36100000000001
-28.379499999999997
-31.97500000000001
-19.7255
-19.206499999999988
-21.946500000000007
-30.435999999999993
-18.19449999999999
-29.438000000000013
-15.975499999999998
-23.506000000000007
-28.553500000000003
-30.27100000000001
-16.300500000000014
-22.177000000000007
-27.223999999999997
-20.764499999999995
-20.414499999999993
-18.093999999999998
-19.36200000000002
-20.20450000000001
-26.11100000000001
-31.186999999999994
-30.343500000000002
-23.47250000000001
-18.866500000000006
-29.988499999999995
-34.73100000000001
-15.504499999999998
-16.538500000000013
-19.3415
-13.202000000000002
-21.75000000000001
-19.657500000000013
-18.13949999999999
-17.843
-17.03600000000001
-24.047000000000022
-20.57149999999998
-21.136499999999984
-18.471000000000004
-23.895500000000006
-16.722500000000004
-22.119999999999987
-16.868499999999997
-18.2745
-28.399
-20.432999999999996
-18.868000000000027
-19.165000000000006
-29.14649999999997
-17.981499999999993
-22.4205
-20.631999999999987
-19.42300000000002
-17.675000000000015
-20.266500000000004
-21.027999999999995
-20.856000000000012
-19.886999999999993
-18.737999999999985
-17.322000000000003
-27.18649999999999
-19.64350000000001
-16.622
-19.306000000000004
-23.215
-16.18350000000001
-17.949500000000008
-32.042000000000016
-21.00099999999999
-17.529999999999998
-27.272000000000002
-18.332000000000008
-18.27999999999999
-16.945999999999998
-16.055000000000014
-15.784499999999992
-26.766999999999996
-19.799500000000002
-21.56950000000001
-33.581500000000005
-26.13949999999999
-13.917000000000003
-16.79950000000001
-28.15200000000002
-14.793
-15.930000000000003
-20.01950000000001
-33.00850000000001
-14.908500000000004
-18.302500000000006
-13.746000000000006
-15.4185
-26.613999999999994
-20.285500000000003
-21.40749999999999
-20.617000000000004
-26.258000000000003
-17.14550000000001
-9.790000000000001
-23.10900000000001
-19.415499999999998
-18.333999999999996
-17.414499999999997
-17.044500000000014
-15.6595
-19.51750000000001
-24.592499999999983
-18.38649999999999
-19.650000000000034
-27.094500000000025
-22.46550000000004
-16.808499999999995
-18.271500000000007
-24.093499999999995
-22.752499999999994
-26.627000000000002
-18.488999999999997
-31.07649999999999
-20.9325
-22.215000000000014
-24.51549999999999
-16.775500000000015
-17.938500000000005
-18.80900000000002
-29.185499999999973
-14.592999999999996
-20.338500000000003
-29.755500000000016
-26.188000000000002
-17.42
-26.29050000000002
-14.456000000000012
-20.869
-30.820999999999984
-17.822999999999997
-17.474000000000004
-25.136000000000003
-15.321500000000006
-20.183
-42.94350000000001
-26.833000000000002
-25.565500000000014
-18.629500000000004
-18.752999999999993
-19.419000000000008
-17.563000000000013
-23.182500000000005
-17.059000000000005
-20.327
-16.672000000000008
-18.336000000000006
-24.52950000000001
-10.467000000000002
-18.1815
-24.4875
-40.41700000000001
-22.13749999999999
-20.9415
-23.35150000000001
-16.932499999999997
-19.801500000000015
-22.293000000000024
-29.48049999999999
-24.137500000000024
-20.112000000000005
-28.06799999999999
-16.708
-17.410500000000006
-18.602500000000006
-15.137000000000002
-16.320000000000004
-16.417
-26.632500000000004
-19.98800000000001
-16.70150000000001
-18.745499999999986
-23.4275
-14.20000000000001
-34.01550000000001
-15.320499999999997
-19.02099999999999
-26.68500000000002
-24.863999999999997
-14.988499999999998
-15.788000000000011
-29.4395
-17.039499999999983
-23.451500000000003
-29.592000000000013
-15.138500000000002
-18.094000000000005
-15.139500000000007
-23.759499999999996
-21.324000000000016
-25.5025
-15.818500000000002
-16.78650000000001
-13.217500000000001
-18.681500000000014
-27.848
-15.246000000000015
-19.319500000000005
-17.43450000000001
-21.209000000000003
-24.133500000000005
-24.84850000000001
-32.661
-25.2465
-16.407
-17.78
-16.694499999999994
-31.217000000000006
-24.567499999999995
-35.39899999999997
-19.13400000000001
-18.95
-18.862499999999997
-15.927000000000007
-18.0395
-19.94150000000002
-24.956499999999995
-21.120000000000008
-17.5485
-24.772500000000008
-27.965999999999998
-30.146000000000026
-26.730999999999998
-27.766000000000005
-17.959
-19.722499999999986
-18.997499999999995
-16.606499999999997
-38.75149999999997
-22.55499999999999
-20.432999999999996
-21.141499999999994
-14.398000000000012
-24.14199999999999
-35.478500000000025
-31.822499999999998
-16.566999999999993
-14.504999999999999
-17.591499999999996
-15.466500000000007
-28.357000000000003
-25.983000000000004
-37.633000000000024
-29.419500000000014
-18.105499999999992
-17.14150000000001
-40.49749999999996
-13.2185
-21.694499999999998
-17.146000000000004
-18.439
-32.360000000000014
-18.127
-16.736500000000014
-33.754499999999986
-30.637500000000017
-22.1155
-30.424000000000014
-28.432000000000006
-18.296999999999997
-20.666499999999996
-22.912
-19.62199999999999
-19.601000000000006
-17.577999999999996
-18.372499999999995
-22.3625
-15.299999999999992
-21.187500000000018
-18.442000000000014
-23.367
-18.299500000000005
-16.357999999999997
-19.214499999999997
-23.729000000000003
-17.383000000000003
-20.828500000000005
-26.224000000000004
-15.682500000000008
-20.923499999999976
-26.045999999999996
-18.577999999999992
-19.939500000000002
-30.427499999999995
-16.1015
-27.907500000000006
-21.58749999999998
-15.487000000000002
-30.778999999999993
-33.711999999999996
-21.726500000000005
-25.608999999999998
-23.9285
-22.931500000000014
-18.559500000000014
-18.552500000000006
-31.40300000000001
-16.345499999999998
-14.919999999999996
-17.417500000000004
-24.28300000000002
-21.352000000000004
-20.391500000000008
-19.787499999999998
-24.094500000000004
-18.834999999999997
-24.252999999999997
-31.90899999999999
-17.306999999999995
-16.848000000000013
-19.25450000000001
-20.047
-17.150500000000008
-17.292499999999997
-21.346999999999998
-35.84499999999996
-15.802500000000004
-25.8775
-18.912500000000005
-22.773499999999988
-32.10249999999998
-31.18499999999998
-17.45750000000002
-23.754000000000005
-16.6235
-22.06900000000001
-19.444999999999993
-32.71500000000002
-25.062999999999967
-15.451499999999998
-15.624999999999996
-24.602500000000013
-16.178000000000004
-19.109500000000022
-16.451499999999996
-15.506499999999992
-16.068000000000005
-16.406000000000002
-20.043
-13.762000000000004
-20.141000000000023
-29.028499999999987
-31.697000000000013
-24.521500000000003
-28.73649999999998
-14.668999999999995
-16.065000000000005
-31.11550000000002
-17.969
-16.815500000000004
-20.19400000000001
-19.323500000000003
-21.928000000000004
-20.092500000000005
-23.970000000000006
-19.348999999999997
-30.81650000000001
-17.50850000000001
-11.317499999999999
-16.552999999999997
-21.130000000000006
-11.609499999999999
-16.998999999999995
-18.386000000000006
-25.575999999999986
-16.444499999999998
-19.67949999999999
-25.43400000000002
-21.436500000000024
-32.747499999999995
-20.402499999999986
-31.383000000000013
-23.133999999999993
-15.985999999999992
-23.165000000000017
-16.277499999999993
-15.087000000000005
-35.78899999999998
-16.572
-26.77599999999999
-17.686
-14.557999999999998
-16.425000000000004
-30.480499999999996
-16.608000000000004
-32.735
-23.39400000000002
-20.643000000000008
-19.57149999999999
-16.5025
-19.574500000000004
-36.32949999999998
-23.71700000000001
-25.13950000000002
-27.579500000000017
-20.022000000000002
-29.330500000000004
-20.563999999999997
-19.945000000000007
-23.81400000000001
-20.380999999999993
-17.63649999999999
-15.4585
-14.659000000000008
-19.571000000000012
-25.118000000000002
-17.108500000000014
-18.542500000000018
-14.68199999999999
-18.25
-20.922000000000008
-28.394
-24.924499999999995
-15.745000000000006
-18.687499999999993
-19.299500000000005
-24.821000000000005
-23.119500000000002
-22.94050000000001
-19.81900000000001
-17.479
-20.24649999999999
-17.363
-24.877000000000006
-22.047000000000004
-20.123500000000014
-31.133000000000006
-23.91650000000001
-20.356999999999992
-21.560999999999993
-16.045499999999997
-24.465500000000013
-19.792000000000005
-20.609500000000008
-14.924500000000009
-15.923000000000004
-17.329500000000007
-24.354000000000006
-20.837500000000006
-18.20900000000001
-16.766500000000008
-30.09400000000001
-20.733000000000008
-14.8205
-16.29
-40.104
-29.599
-25.716000000000008
-18.422500000000003
-24.14800000000002
-32.81150000000001
-21.2815
-21.913000000000004
-15.219499999999998
-24.78599999999999
-18.790500000000005
-17.752
-17.064999999999994
-18.744000000000018
-16.548499999999994
-16.02350000000001
-23.83899999999999
-17.621
-18.121
-19.552000000000014
-24.357500000000012
-25.800500000000017
-21.728000000000005
-15.8255
-17.227
-23.989500000000007
-22.15100000000001
-16.30950000000001
-19.328000000000003
-18.790500000000005
-18.840500000000006
-31.87199999999998
-14.878499999999988
-29.324500000000025
-15.49200000000002
-16.479500000000016
-24.567999999999998
-14.844999999999999
-24.075999999999997
-19.569
-20.476000000000017
-25.43449999999999
-22.098000000000006
-22.074000000000016
-16.637500000000003
-19.8545
-23.26749999999998
-38.70549999999999
-15.850999999999996
-14.568500000000007
-16.341
-29.791
-17.082000000000004
-37.829000000000015
-26.025500000000008
-19.827
-16.691500000000005
-37.48750000000006
-22.978499999999993
-16.925000000000008
-18.243499999999997
-24.53000000000001
-25.198000000000004
-16.838499999999996
-20.4435
-15.668500000000009
-16.676499999999997
-23.069500000000016
-21.469
-24.521499999999996
-17.502
-16.668000000000006
-27.31050000000001
-16.91950000000002
-20.507500000000018
-11.854000000000001
-18.71900000000001
-24.848499999999998
-16.735499999999988
-37.016500000000036
-22.8795
-17.58800000000001
-17.13000000000001
-25.4225
-19.32200000000001
-15.620999999999999
-17.121499999999994
-23.952000000000012
-18.862500000000022
-21.49399999999999
-16.897
-17.4365
-19.1255
-18.365999999999993
-15.940500000000002
-16.114000000000004
-17.335000000000015
-18.09050000000001
-33.298500000000026
-17.519999999999996
-23.727500000000028
-15.093500000000008
-19.938500000000005
-23.29650000000001
-16.410500000000006
-19.704000000000008
-20.121499999999994
-24.271
-14.704500000000007
-40.276499999999984
-19.112500000000004
-28.171500000000023
-24.307500000000005
-17.117500000000003
-16.424
-16.7205
-15.390500000000007
-15.729500000000012
-15.732500000000009
-15.301500000000008
-18.438999999999993
-18.551
-15.874
-15.530000000000003
-15.807999999999996
-17.746000000000006
-14.000500000000006
-27.394499999999994
-17.203000000000007
-17.119499999999995
-17.9795
-17.5555
-22.794500000000014
-16.559000000000005
-19.975499999999986
-16.568000000000005
-17.564500000000002
-18.50250000000001
-17.821499999999986
-26.2995
-22.480499999999996
-21.54950000000001
-16.365999999999996
-23.2685
-15.771999999999997
-18.7135
-23.18299999999999
-22.392000000000003
-17.572499999999998
-18.805
-23.5965
-25.389499999999998
-27.765
-18.436500000000006
-28.955999999999992
-21.849499999999992
-18.72799999999999
-19.220999999999997
-21.685500000000005
-35.18499999999998
-24.161499999999997
-15.31400000000001
-15.318500000000002
-32.542000000000016
-20.852500000000006
-17.239000000000008
-17.32850000000001
-15.660999999999998
-17.1405
-15.556000000000003
-17.757499999999986
-32.236000000000004
-14.634999999999994
-24.398500000000006
-17.441000000000013
-36.14999999999999
-24.72750000000001
-20.30850000000001
-14.821499999999999
-18.43300000000001
-15.189999999999992
-24.940999999999992
-18.226500000000012
-32.589500000000015
-22.712000000000018
-28.125000000000004
-20.11549999999999
-22.9845
-15.80550000000001
-16.886000000000003
-16.49850000000001
-20.164500000000007
-17.78250000000001
-25.465000000000003
-14.783000000000008
-21.67800000000001
-19.631500000000013
-31.948000000000004
-18.419999999999995
-23.672000000000004
-17.6115
-31.734500000000008
-16.821000000000012
-31.364999999999995
-33.275
-15.375000000000005
-24.76349999999999
-23.456999999999997
-19.929499999999994
-15.455000000000002
-15.225999999999983
-18.565999999999995
-27.57300000000001
-20.03950000000001
-17.581
-17.70500000000001
-20.121500000000008
-19.407000000000025
-18.11500000000001
-20.075500000000005
-16.652000000000008
-15.846000000000002
-18.271
-16.695500000000003
-16.54800000000001
-26.619000000000007
-22.659000000000006
-20.182999999999993
-18.84150000000002
-21.796999999999997
-29.888499999999993
-28.761499999999998
-25.042500000000008
-17.550500000000003
-16.142000000000003
-25.87999999999998
-27.18349999999999
-25.182500000000022
-17.840999999999998
-16.51400000000001
-18.11900000000001
-19.793000000000006
-20.625500000000013
-17.14800000000001
-19.969500000000007
-32.464
-19.10300000000001
-24.408000000000015
-15.491
-26.73749999999999
-18.069000000000003
-17.11
-16.443500000000007
-23.604499999999998
-21.312499999999996
-26.090999999999987
-32.929
-24.24800000000001
-16.4065
-31.809500000000007
-19.615500000000004
-33.60649999999999
-21.215000000000003
-25.301
-18.82250000000001
-9.2375
-21.66599999999999
-20.58700000000001
-21.848000000000006
-41.0775
-16.928500000000007
-17.383500000000005
-22.501999999999974
-18.364500000000007
-21.173499999999986
-18.299500000000013
-16.51900000000001
-34.192000000000014
-20.99850000000001
-23.720499999999987
-15.362000000000004
-27.249000000000038
-21.78850000000002
-19.136000000000006
-19.50650000000001
-19.094500000000007
-26.23399999999999
-19.85949999999999
-27.0725
-15.106500000000002
-19.182000000000002
-17.618500000000004
-17.49450000000001
-18.33150000000001
-16.863499999999995
-17.520999999999997
-17.818000000000005
-27.19450000000002
-15.291999999999993
-16.78000000000001
-21.9435
-15.673000000000002
-37.926500000000004
-35.139499999999984
-23.563500000000023
-18.143000000000004
-15.946500000000004
-35.89999999999999
-18.052500000000013
-15.216999999999997
-20.729000000000006
-18.095000000000006
-26.754000000000026
-15.904499999999999
-32.36499999999999
-15.406
-28.414499999999997
-22.32349999999999
-15.179000000000007
-32.15599999999999
-41.3
-19.128500000000006
-39.567499999999974
-17.007500000000004
-16.128499999999995
-16.4555
-21.699499999999993
-15.386500000000003
-27.79400000000002
-15.242500000000003
-19.215000000000014
-33.9285
-20.75250000000001
-28.753
-18.930000000000003
-19.77099999999998
-22.877999999999997
-24.39449999999999
-25.66000000000001
-21.876500000000004
-18.631000000000004
-22.796499999999988
-27.425000000000015
-25.526999999999994
-19.210499999999996
-21.71299999999999
-27.2235
-41.80049999999995
-23.171499999999988
-18.4565
-18.34350000000001
-19.793500000000016
-16.831500000000002
-19.463499999999986
-18.036000000000016
-19.345499999999987
-18.866000000000003
-23.708999999999993
-20.29850000000002
-20.940000000000005
-25.653499999999994
-30.374499999999987
-35.741500000000016
-16.256500000000003
-22.659499999999998
-29.659999999999986
-22.798
-27.47499999999999
-24.534999999999997
-22.525000000000006
-21.778000000000016
-17.467000000000013
-18.888499999999983
-21.11000000000001
-21.228000000000012
-32.821
-18.660000000000004
-25.537500000000005
-27.464999999999986
-30.5655
-28.9065
-36.95500000000002
-25.398499999999984
-17.834000000000003
-18.946000000000005
-21.915
-28.152000000000008
-20.889999999999997
-19.686000000000003
-18.040499999999994
-23.891500000000022
-22.691999999999986
-26.17349999999998
-15.817000000000009
-26.02800000000001
-15.149
-30.848000000000013
-23.67199999999999
-26.56500000000001
-15.677500000000006
-39.07600000000001
-16.26850000000001
-22.942
-19.008999999999993
-25.35249999999999
-22.351000000000013
-23.698499999999996
-30.05699999999999
-13.209499999999998
-19.651999999999997
-35.690000000000026
-24.550000000000008
-19.555999999999994
-21.5735
-13.372499999999992
-18.884999999999998
-18.75049999999999
-18.546000000000003
-22.634000000000007
-21.549
-18.04950000000001
-29.576999999999998
-16.172
-23.635
-20.005000000000017
-40.29549999999996
-18.825000000000003
-22.65600000000001
-19.095
-21.516500000000022
-20.137000000000018
-22.88
-24.179000000000002
-16.15800000000001
-18.435500000000008
-21.341500000000003
-24.1255
-16.128999999999998
-22.186499999999988
-29.122500000000002
-31.016
-22.324
-18.164
-20.955500000000004
-27.2155
-20.30050000000001
-17.525499999999994
-16.96250000000001
-20.152500000000003
-20.989999999999988
-22.07849999999999
-27.43100000000002
-18.275000000000013
-17.42
-17.527500000000007
-27.9755
-19.8885
-19.551000000000005
-20.596000000000014
-37.85500000000002
-23.068
-19.238
-27.081500000000005
-21.5505
-15.133500000000005
-34.346499999999985
-18.835999999999995
-14.687500000000005
-30.174500000000002
-16.799000000000014
-17.6935
-30.638000000000012
-27.152000000000005
-25.275999999999986
-23.458000000000002
-29.9315
-28.142499999999973
-17.36
-23.84000000000002
-24.505000000000006
-17.197000000000006
-32.7195
-15.850499999999997
-16.4075
-15.131999999999998
-22.614
-21.770000000000007
-35.461
-23.540999999999993
-28.658499999999997
-23.19150000000001
-16.463500000000003
-16.136500000000005
-22.7845
-26.188999999999997
-21.144500000000004
-34.184500000000014
-18.008500000000005
-18.9335
-20.04250000000001
-19.729500000000005
-17.5905
-14.205000000000009
-28.854000000000013
-20.52600000000001
-14.221000000000009
-19.35950000000001
-21.014999999999993
-30.53449999999999
-33.387500000000024
-27.96250000000001
-32.88600000000001
-23.556000000000008
-18.752500000000005
-22.069500000000023
-16.221500000000006
-21.980500000000006
-17.382499999999997
-16.304999999999993
-24.131999999999994
-33.160499999999985
-23.415000000000017
-17.594
-19.076999999999995
-17.434
-21.542999999999992
-17.987499999999997
-15.852500000000006
-21.8915
-30.2565
-21.87750000000001
-32.12899999999999
-17.509
-16.280500000000004
-14.633
-26.78750000000001
-27.238999999999997
-28.7945
-21.991500000000013
-17.227500000000006
-22.955999999999996
-16.152500000000003
-9.6745
-24.556500000000003
-17.478999999999996
-24.773500000000006
-24.766499999999997
-19.901000000000014
-16.1765
-33.98250000000002
-25.777000000000008
-18.447
-16.436500000000002
-27.206500000000005
-21.479000000000006
-22.90249999999999
-19.815000000000012
-25.935
-16.690000000000005
-21.189000000000004
-15.608999999999991
-28.66199999999999
-17.559000000000005
-17.075499999999998
-24.269999999999992
-17.70199999999999
-24.6325
-25.21599999999999
-15.584500000000006
-21.812999999999995
-19.71449999999998
-16.906000000000006
-18.495500000000007
-16.53450000000001
-15.1815
-22.934000000000015
-28.210500000000003
-19.64500000000001
-21.02550000000001
-26.542999999999996
-18.599500000000003
-17.022000000000006
-19.024999999999977
-22.571500000000007
-21.592000000000002
-23.861500000000017
-28.81800000000002
-29.797500000000017
-23.58950000000002
-26.64400000000002
-23.95449999999999
-16.389000000000003
-29.61600000000002
-22.85700000000001
-18.092500000000012
-18.018
-17.016000000000005
-16.63450000000001
-32.53149999999999
-20.510000000000005
-20.185000000000002
-20.452
-19.679500000000022
-30.435500000000005
-15.201500000000012
-15.5935
-30.47699999999998
-35.65099999999999
-27.98750000000001
-18.814999999999998
-23.272500000000008
-19.344500000000014
-14.813500000000001
-27.151500000000013
-16.811000000000018
-18.533999999999995
-15.58200000000002
-17.193500000000007
-22.559500000000003
-24.8245
-25.272999999999993
-16.1445
-15.626000000000001
-15.469499999999998
-16.0745
-20.2415
-16.213499999999996
-17.0635
-22.9265
-18.4185
-18.4685
-26.97550000000003
-17.950999999999997
-19.103000000000012
-15.198500000000001
-16.521500000000003
-35.471999999999994
-16.66700000000001
-19.41800000000001
-17.204000000000004
-21.455999999999992
-13.987500000000006
-34.22049999999998
-14.853000000000005
-16.204500000000003
-25.157500000000006
-22.475500000000014
-20.254000000000005
-23.40249999999999
-23.546499999999998
-18.896
-19.622999999999994
-28.88300000000001
-35.794000000000025
-35.5385
-21.091499999999986
-16.32849999999999
-19.638000000000005
-14.614999999999998
-15.885999999999996
-26.28099999999999
-31.34900000000001
-28.815499999999982
-21.201500000000006
-19.4245
-16.787
-25.992499999999993
-28.065999999999995
-14.57300000000001
-26.744000000000018
-18.64199999999999
-28.3165
-37.1145
-18.895500000000006
-35.285000000000004
-17.477500000000006
-16.36950000000001
-15.896500000000003
-28.063999999999986
-17.738000000000007
-40.19999999999998
-33.159000000000006
-20.843
-28.839000000000002
-18.414500000000004
-19.104000000000006
-15.052999999999992
-31.924999999999983
-17.18
-16.579500000000003
-21.496500000000026
-18.238000000000003
-16.603500000000004
-25.831
-31.513000000000027
-18.31750000000001
-18.864999999999995
-20.339500000000005
-21.5035
-28.581999999999994
-19.008000000000017
-17.514999999999993
-16.505000000000006
-20.330999999999992
-17.537999999999993
-21.964000000000013
-14.301500000000003
-16.629500000000014
-20.498000000000008
-24.972500000000018
-16.548999999999996
-21.351000000000013
-17.566499999999994
-30.953500000000012
-14.421000000000005
-39.676500000000026
-34.83599999999999
-18.860499999999995
-31.015499999999992
-34.94699999999999
-15.408999999999994
-18.863000000000007
-15.7905
-15.891999999999998
-20.323500000000006
-27.223000000000006
-17.636000000000017
-19.0425
-25.61950000000001
-15.461999999999998
-22.584499999999988
-12.064499999999999
-17.136500000000005
-17.924000000000003
-24.0325
-17.213
-19.569
-28.132500000000007
-19.170000000000005
-16.13850000000001
-17.78000000000001
-23.184000000000015
-31.161000000000012
-16.986000000000004
-14.249000000000006
-16.249499999999998
-15.882
-20.318500000000004
-21.212000000000014
-16.338500000000007
-19.299499999999995
-19.976999999999997
-28.301000000000002
-22.6965
-24.413000000000007
-22.944500000000005
-26.000000000000018
-21.089500000000008
-30.950499999999984
-18.811
-19.84050000000001
-26.129
-16.034499999999994
-19.856500000000004
-23.124
-19.93100000000003
-22.168000000000003
-22.729999999999993
-20.828000000000007
-20.572499999999994
-25.44349999999998
-35.69700000000001
-23.7895
-32.37900000000001
-22.428499999999993
-13.853
-26.064
-25.725499999999993
-16.8545
-26.03750000000002
-21.210000000000004
-25.98500000000002
-20.436500000000006
-16.2765
-23.55249999999999
-21.684000000000005
-20.084500000000002
-23.906500000000005
-25.68599999999999
-30.29450000000001
-15.899000000000004
-24.327499999999976
-19.1135
-19.332999999999995
-17.906499999999998
-17.398999999999997
-21.546000000000014
-17.747999999999998
-23.492999999999995
-22.782999999999998
-31.015500000000003
-17.273499999999995
-17.773999999999997
-17.82050000000001
-16.115
-17.78
-25.853499999999976
-24.045500000000015
-20.242000000000022
-16.57050000000001
-16.5895
-15.959499999999997
-27.38500000000002
-24.795000000000016
-27.62699999999999
-39.4695
-19.52999999999999
-20.757499999999997
-26.896500000000003
-27.092499999999998
-20.640999999999995
-16.279500000000006
-21.789999999999985
-17.429000000000006
-22.456500000000005
-37.38249999999999
-31.562499999999982
-19.289
-20.044000000000004
-23.586500000000004
-17.412500000000005
-25.37500000000003
-29.047
-24.038
-17.902500000000014
-19.054499999999994
-26.39050000000001
-31.572
-18.917999999999992
-27.486500000000017
-20.426000000000013
-25.335500000000007
-23.73599999999998
-25.413999999999987
-23.313999999999997
-29.641499999999986
-24.59150000000001
-19.763000000000016
-15.135500000000011
-25.846000000000004
-24.7105
-16.432000000000002
-16.16250000000001
-15.494000000000018
-15.416
-15.736999999999991
-18.616500000000006
-16.05250000000001
-27.345999999999986
-20.39400000000001
-23.344000000000005
-25.128499999999995
-25.351500000000016
-19.82
-24.618000000000016
-33.178500000000014
-17.964000000000006
-26.129499999999997
-28.774000000000008
-20.685500000000008
-26.553000000000015
-17.644999999999992
-15.011500000000002
-14.425000000000018
-24.581500000000005
-18.707
-25.456999999999987
-35.918499999999995
-23.669499999999996
-22.58250000000001
-14.244500000000002
-23.745000000000015
-22.199000000000005
-16.0135
-15.083500000000006
-20.21700000000001
-21.873999999999995
-16.527000000000005
-21.06800000000001
-37.2885
-23.509000000000015
-22.588500000000014
-15.953
-26.742499999999996
-29.508500000000023
-16.342499999999987
-16.44549999999999
-26.588499999999993
-15.820500000000008
-24.900500000000008
-15.929499999999992
-28.289499999999997
-19.754000000000016
-14.518999999999998
-18.40050000000001
-40.3995
-23.809499999999996
-16.1145
-25.565499999999997
-28.33550000000001
-24.74600000000001
-17.500499999999985
-32.963499999999996
-22.585499999999993
-15.664999999999994
-31.28350000000002
-18.161
-32.1245
-24.820000000000004
-30.309999999999988
-19.66050000000001
-23.322499999999994
-24.47700000000002
-30.711499999999965
-24.068500000000025
-9.832500000000001
-27.805500000000002
-22.954000000000004
-26.13550000000001
-31.716500000000003
-15.567999999999994
-25.607000000000006
-21.397499999999994
-33.904499999999985
-30.96699999999999
-30.624000000000002
-16.109500000000004
-29.842
-38.7105
-15.504500000000004
-19.125999999999994
-16.232500000000005
-25.603500000000015
-19.37149999999999
-27.869500000000013
-36.2675
-19.694000000000013
-16.448999999999998
-17.671999999999993
-18.04149999999999
-17.64100000000001
-26.08
-22.42449999999999
-20.713499999999996
-20.089500000000015
-19.3325
-17.090000000000003
-17.907499999999995
-23.267500000000005
-27.169000000000015
-30.302000000000014
-18.848000000000003
-22.2185
-20.649500000000014
