0
14200
12700
15200
14400
15200
14500
14700
14300
14700
14500
15900
11500
7300
13500
15500
14600
15200
15900
14900
11400
14700
15900
15400
14500
14500
16600
14600
13500
14700
13400
16100
13700
16200
14200
14000
14700
14800
15800
13700
16200
13400
14000
15100
15100
7800
15100
15200
13100
15800
14500
13900
14000
11800
6000
16100
14900
15700
14100
13100
13500
14200
15400
14200
14000
13600
14700
14100
14300
14300
15600
10000
13300
15400
15300
15000
14400
13100
14600
13900
14000
14700
14500
15400
15900
17000
14700
10900
13900
14800
14500
13700
13400
14300
15100
15700
14000
14500
16900
16000
14500
14400
15800
15700
15400
15000
13900
14600
14800
13800
15000
14100
13700
15500
16800
14700
5500
14200
12000
16000
14200
13300
14400
14600
15800
13900
16000
14000
14600
13700
14500
13500
15500
16600
14600
15900
14600
4900
15100
14300
16600
15300
15300
12600
14000
14100
13800
14300
7600
14400
15700
13300
15300
15100
14700
14200
14100
15100
15000
14800
14500
6700
14300
15100
15700
13900
14700
15500
14500
14000
14400
15100
15100
13900
14700
14400
15300
15000
14300
14500
13600
14000
15500
13500
15000
15000
15000
14500
15000
14000
16800
15000
12700
5600
10100
13600
14200
14600
10500
14200
13400
16500
6400
14800
15500
14500
13900
13600
14000
14400
13400
14300
13700
16300
15600
14900
15300
14200
14100
14500
15100
13500
13900
14600
13800
13800
15200
13100
15200
15000
15200
16000
13800
14400
14400
14200
15500
15200
16600
15000
15300
14500
14400
16100
16100
13800
14600
13900
15300
14200
14700
14700
14200
14100
14200
15800
5000
14100
16300
16500
15700
16800
14300
13900
14000
16000
14600
16000
15400
12400
7400
15100
13900
13700
16100
14500
6500
14900
15000
14400
14600
15100
15800
13200
15100
14400
15800
14200
14700
13000
14100
14600
15400
17100
14400
15500
15100
10900
15700
15200
15000
14900
15900
14000
14800
13900
14400
13400
15300
14200
14100
14400
15200
14900
15200
13900
14800
14200
14900
14800
15000
16300
15600
15600
14800
12700
13100
14700
12800
14500
13500
14300
6200
15500
15300
13000
15700
13700
14400
13900
15000
13500
14000
15100
13200
4000
6600
14400
13900
14100
13500
13200
15700
15000
14200
15400
15900
15300
16300
13500
14300
13100
15300
12500
13700
16900
13200
15600
14500
14200
9400
14300
9400
15000
16000
14300
15300
16900
15000
14900
15300
13300
13100
15700
16300
14700
15100
15500
17100
14900
13800
15300
3400
14900
3100
16600
14600
14200
15900
14200
13300
16000
13300
15500
13600
16400
12500
14900
16400
10200
15500
14700
15800
16100
14000
16400
14300
14400
16400
14800
14600
13800
16100
13100
16400
14100
15500
15700
15200
14300
16200
15400
14800
9900
16400
14400
11200
15000
15100
14900
14400
13700
15200
13200
13900
15600
13200
15300
13800
13800
14900
14100
14300
16000
14000
14200
7500
15100
15600
13600
5700
15500
15800
16300
14800
14600
15000
14300
15400
14800
15200
15100
15200
15900
15200
16100
15900
16100
6500
14900
14100
13400
15200
14300
16000
13400
15200
15300
16300
15500
13600
2700
15300
15700
14300
14300
13700
15500
13600
7500
14000
13300
12800
14200
13900
14200
13200
13400
15600
15500
8700
14800
13900
15300
14800
15100
14300
12700
15000
15500
15500
14500
14500
14400
14400
14300
14400
14000
14700
13500
13900
16400
14700
14000
8400
14000
15600
13700
15100
15000
14900
13100
7500
14100
14300
14500
15400
14500
14800
13800
14500
15000
14400
13800
7300
15900
15800
14900
16200
16800
14400
6700
15600
15400
13300
5200
14100
15300
14400
16000
13200
14800
13600
13800
15800
13000
13600
15200
16600
13200
15700
14700
14600
15900
7400
15200
14500
14900
15500
15600
13900
15200
15400
16500
14100
15800
15900
14900
16000
15200
6300
14300
15500
14000
15100
15400
15200
14200
15400
15900
14600
14900
14000
15400
15000
13900
14700
15800
14600
14500
15700
13700
16400
14300
9400
15700
16200
9000
3600
14800
14900
16000
14500
14500
15600
14500
14500
15800
15200
15100
14300
14400
15900
16000
15400
15500
16000
15400
14800
14000
13700
16200
9400
13500
14400
16300
15100
15500
14600
14800
15100
16800
14500
14600
14600
13600
16800
15000
13600
14500
14700
13600
14600
13700
14400
15900
14600
14500
15200
14900
13900
13300
13500
16900
15500
14100
14200
13000
16200
14300
12800
15000
14600
13500
14900
13800
14700
15300
14000
14500
6000
13400
14300
17500
15500
14400
11900
14800
14100
15700
15300
14600
14000
13000
16100
13500
14600
15100
10000
13900
15800
14600
15800
14000
14700
16500
14000
15300
13500
17200
12800
14500
17000
14400
14400
15300
13700
15600
13700
15000
13700
15400
5700
15700
11300
16100
14400
14300
15700
4600
15400
14800
14600
14700
14700
15400
14700
14500
16400
12900
18100
14500
14700
13500
15200
13900
15800
14100
13600
15700
15400
15900
14900
15500
16100
15500
14700
15000
15200
15400
14100
14400
15200
15200
13600
13500
14000
16800
15200
13500
16600
16200
15200
14600
17900
14200
15200
13000
16500
14900
14400
14500
14600
14700
16300
15800
5500
14200
14700
15800
14800
14900
14000
10400
14800
15800
6200
14000
14800
14100
14600
12800
14600
13200
15500
2100
15300
14100
15200
14900
15600
16400
13700
11100
14400
15900
14800
15300
14900
14100
15600
14100
700
16200
15500
15600
15900
14100
14900
17300
14100
16100
15200
14700
14700
16600
13900
13800
15000
10000
15000
14300
14200
14800
13200
14000
13900
15100
13800
13700
15700
13500
13900
14900
14700
14400
14200
15900
14300
13900
13700
17200
15700
14000
16000
14800
14000
13700
15500
14100
16000
14700
14600
16100
15400
15900
15200
13700
14300
16200
14900
14700
14200
15600
14400
4600
15000
16000
14500
13900
14600
14500
14200
15000
14900
14700
14100
15500
14400
15300
14600
15000
16700
15300
14400
13400
13800
14900
14500
15300
15400
14400
10200
14000
13400
14000
15100
15000
14600
15900
14300
13800
14300
4700
14800
15600
14000
13700
15700
14500
15100
14800
15900
13100
14900
13500
16400
17600
14500
14500
14800
4700
14100
12800
15100
16500
14900
15900
16300
14500
15300
14000
13600
14800
13900
14100
14700
13900
16000
13700
14600
14300
14700
14700
13800
15500
14800
17000
14500
14000
13800
14700
15600
14200
12500
13700
14400
13800
16400
14000
14700
13900
14500
15700
16700
14600
14800
13000
8000
14600
14400
14900
14100
14900
13000
15000
13900
15700
14600
14800
14900
14700
15900
14200
14300
14000
13900
14200
14700
15100
15900
15400
14400
13800
14100
14900
14200
14400
11900
16200
15000
15100
15000
14000
14300
15500
15600
14800
15600
15200
16000
15800
14500
15600
12400
14800
13400
16200
14000
15200
15100
14600
14000
14400
13100
14900
13900
14200
15400
15800
14500
15700
15100
15000
14400
14200
16100
14300
16100
14100
14300
15500
16000
14400
14200
14700
14700
12900
16000
14100
14600
13300
14700
13600
7000
15400
15400
15600
15700
14600
12600
14500
15900
14800
14800
15000
14400
16400
14200
16500
15700
14300
15200
14700
15400
13900
15000
14900
13900
9200
10100
14100
15200
14700
15400
14400
13300
18100
15600
15200
13600
13800
14200
14700
15000
9700
16500
16800
17500
14200
14800
14100
14000
9800
16000
13200
14700
14800
14600
14500
13800
15600
15600
15300
13700
14600
14200
15600
15600
13900
15000
14500
14200
14600
13100
14500
14700
16800
17200
13800
15000
14900
17700
14500
13900
15500
14600
14900
15400
13800
15300
15800
16900
8800
14800
14600
15500
15700
13800
14800
13800
14500
14100
14300
12500
5700
14900
15000
16300
14800
13800
11000
15100
15800
15900
15200
15200
9400
16000
15600
13900
14400
15100
16700
16200
14500
16000
14400
9000
14700
16000
15200
15000
14800
14400
15200
14400
14600
16300
15400
5300
9700
13300
13400
16000
16200
13400
15900
14800
16500
14700
16300
13200
15800
15200
13600
13100
8300
17300
15800
15000
14600
14800
15000
14200
12000
14700
13300
14500
15500
13800
16400
14500
13200
13100
14900
14700
15000
13200
13200
13400
13000
13700
15100
13800
14800
13300
12900
11900
14100
10900
16900
13900
14900
13300
16800
14300
15500
14800
14300
15800
14500
16700
13600
15000
13500
13600
14300
14600
15100
16300
12600
15500
14800
15200
13600
15200
13700
12300
13100
13400
13800
15600
17000
14200
15000
15600
13500
7000
16700
14100
15000
9700
14900
14900
14500
14900
13600
13300
16100
16000
13900
15200
14000
13800
15000
11900
3300
14800
13900
13800
13500
15400
15500
14600
14100
15600
14600
13800
16500
15100
14100
15000
15300
15300
5600
14500
15600
14500
16100
16000
13500
14600
14600
15100
14900
16700
15300
15900
15000
14200
15500
16100
15000
15000
13500
13800
13700
15400
14300
15500
14400
15800
14400
15700
13500
13000
16000
14700
15900
15100
14400
16000
11700
16000
14800
14300
13500
18500
15300
15500
15900
14900
13200
15100
15800
14700
13600
14900
14700
15500
14800
14400
13500
14700
14300
16100
16400
15500
15200
15500
15400
14400
14200
13800
15900
15600
16300
15100
14600
14300
14700
15400
15700
15000
15000
13200
14700
15000
15300
13400
16200
14500
14700
14600
16100
16300
14300
13700
13900
14200
14900
13400
10400
15000
14000
7400
13800
15900
14200
14600
15900
16700
12100
14300
13800
16100
14700
15900
14400
16700
14800
13700
15000
14300
15000
14700
14000
15900
16100
15700
14900
14500
15100
15700
13600
16100
15400
14500
13600
13100
15200
14500
13700
14600
14200
13500
13100
12900
14700
15200
15100
15000
12800
14000
13200
16500
14500
15500
15100
12900
14700
14600
14100
16400
16000
14500
15600
5800
14000
13400
13700
16400
15000
15700
14900
13400
14900
15000
14600
15800
14700
15000
14800
15300
15700
13600
6200
12300
13800
14100
13600
16000
16500
16900
15000
17300
13700
15700
15400
14200
16900
16600
8100
13500
8900
15000
15200
14800
14000
16600
15600
14100
15800
15700
14700
13800
14800
14700
15500
15000
5300
15600
13600
14600
15000
13300
16500
15200
15600
14300
15800
17000
15200
13300
14500
11500
15300
3700
14600
14100
14800
14300
15100
15500
14300
15400
15900
13700
15200
15200
14700
13800
15800
15000
5600
13100
15000
14700
15600
14200
15600
13700
15200
8400
16100
15900
15200
14200
12900
14900
16200
11900
14300
14500
13500
12700
14600
14800
14600
16200
16300
15100
15500
11200
15600
14500
16900
12000
13500
15000
15500
13700
14700
13700
13000
5200
16600
13700
14300
14800
13900
9700
14500
14400
15900
14100
15300
11900
14800
16000
14900
14900
13100
14700
14600
14600
14600
14600
15800
17300
11500
13300
13300
14500
14500
14300
14100
16000
7200
17000
13100
14100
17000
14800
12600
14100
2200
14200
14700
15500
14700
14200
15000
14500
13700
13800
15300
16800
12900
13900
16300
16700
15100
14500
14600
14700
15100
15000
15100
13900
6100
14100
15900
16100
15000
16400
14500
8400
14600
4900
15100
7700
13500
15700
13700
13300
14400
15700
15500
14800
16700
14500
13400
15900
14700
15800
15900
2500
11500
14200
9000
15400
15300
6000
15000
13000
15400
14000
14400
16300
13500
13600
15700
13700
12300
13700
13900
14400
17200
14800
14400
15000
13800
14400
10100
15000
15900
14000
17000
14200
15200
15900
16300
15400
16800
15800
14700
14500
15200
16300
14000
16400
14300
14400
16800
14600
14300
16500
16500
12900
6200
14300
16800
14900
13600
15800
16400
15100
13900
14300
14600
16800
7900
13600
13900
15700
16700
15200
9500
15800
14200
14300
16000
15900
5000
13400
15700
15400
15400
12900
13400
15000
14800
15800
16600
15400
13600
15100
16100
14300
13600
15800
16300
14500
14100
16400
14300
14700
15500
14700
14900
14300
14600
13200
14200
17500
15500
15100
15200
14800
15700
14800
14400
15100
13900
14400
14100
15900
14400
15700
15000
15500
6800
15800
15600
15700
14600
7600
15100
14900
14900
14300
16300
13100
14000
15400
14500
6400
15500
15400
13500
15100
15000
15600
15200
13900
13700
15500
14200
14600
16000
12200
15200
15800
6900
15400
14600
500
14200
13400
13600
15500
15800
14700
14500
16100
13700
14200
16700
15100
14900
13800
13300
15700
14300
14200
14700
14600
15000
13100
14500
14300
13900
13500
16800
12700
13900
13800
14400
15400
15200
15000
14900
15100
15500
14100
15700
14500
4500
15800
15600
15800
15000
15600
14700
15900
15100
8500
15500
13600
15200
14100
15300
13800
15800
12900
14800
14600
13800
15300
13900
16000
14500
15700
16200
13700
12900
2900
13000
14000
10300
16300
14200
14500
15600
13700
14200
15700
14000
14500
16000
13600
15300
14500
15300
16900
13400
14300
16200
15700
16500
15900
16800
15200
16100
14900
5100
15400
16000
14500
14700
15600
16000
15200
16400
15300
3300
13600
16300
15400
15000
16000
16300
10100
14700
14400
15100
14900
16200
14700
15400
14900
15500
15400
16700
13300
13200
15500
16700
14900
14600
15100
14000
14800
13800
16100
15800
16900
14000
14900
15200
14500
15900
16900
12600
9400
15600
14500
14200
16600
14100
14900
14500
15200
5100
14300
14100
16300
15900
15000
14200
14900
14400
16300
3000
15500
14800
15900
13800
13500
14300
14900
15300
13900
14600
15000
14800
14600
14800
15900
13300
15200
15200
15800
15300
14200
14600
15600
15600
14300
14400
14600
14700
14600
14200
17200
9200
16300
13500
15600
11000
15600
12700
15900
15000
15400
14400
8400
13600
14000
5400
15000
14800
16100
15600
15100
14200
14100
15400
12600
15200
13900
15600
14000
15200
15100
14600
15100
5500
14500
11500
16200
17300
15000
15000
16100
15800
13700
14400
15900
16900
13400
14000
15200
15400
13800
13500
16500
17300
12100
16000
15500
10200
1700
15000
13900
16400
14100
15800
16600
5800
16700
14700
14500
14800
16400
14900
15400
14900
14500
15900
13200
14400
14100
16000
14500
16200
13700
14300
14900
14200
13800
14000
16100
14100
18300
13900
15200
15900
15400
13200
14200
15800
14800
15300
12900
14900
13400
12700
14500
12100
15500
13600
13700
16200
15500
13900
13400
13700
11600
16900
15300
1100
15000
16000
16200
13800
16200
15000
16000
16600
15900
15100
13700
16200
13600
13600
13700
14700
16900
13100
14800
15300
13800
15100
14400
15700
14500
14200
13600
15000
14200
14000
15600
15000
13200
15600
15700
16900
14500
15700
15500
14600
14200
14700
15300
14900
15000
10200
13500
15200
13800
14500
15300
14200
15700
14200
14100
14200
15300
15500
14700
15400
16200
15800
13900
13400
14200
15100
15600
13200
14700
15500
14700
14800
8200
15100
16000
16500
14400
16000
17700
14200
15500
15700
15600
14700
17100
14900
15500
16100
15100
15600
14500
14200
15100
15000
15500
13800
13800
14900
17100
14300
16500
14000
15000
13600
13300
15500
12900
15400
14800
16200
15100
13400
15800
14600
14600
13700
15000
13300
15200
14400
17200
14800
14200
17100
14600
14400
14300
16000
13600
15200
14200
15200
14800
13900
16300
14700
15600
14300
15400
14000
17400
14400
14700
14400
14900
13600
15100
10900
16700
14500
9200
14300
16400
15800
14300
14500
13900
14100
15900
15200
15000
17300
15100
14700
14100
15100
14500
15600
15900
14500
16800
14300
14600
15800
14600
15900
17300
13800
14800
14900
14900
15200
14700
14100
16100
14300
15900
14300
16300
14500
15000
16000
10300
14900
14300
13200
15000
15500
15700
15400
15000
15700
14300
13700
14600
14700
14500
7600
15200
14100
14300
14100
14700
16800
15700
13300
16800
14600
15000
15000
14400
14000
14200
16500
16100
13200
1900
14600
7800
14900
14100
15600
16600
14100
14000
14500
16300
17400
15800
14800
15900
14100
14400
16900
13700
16500
17400
16300
15400
14700
14900
6600
5600
15200
15500
15200
14400
17300
15300
9500
15400
14700
16100
14300
15500
14700
14800
14900
15300
13800
14200
14400
14800
14500
14700
15400
17600
14100
7400
14300
15400
15800
14500
15000
13300
13200
14700
15600
15400
12900
16100
13800
14300
13200
16700
14300
15500
15600
15900
14600
14900
14400
15400
16000
14400
14000
15500
15400
13800
15000
14600
16000
14200
15900
16300
14000
14500
16200
14900
16100
15100
15300
13800
17800
8600
15600
15100
13800
15300
14900
16400
14700
16300
15900
15300
14700
14200
14000
6400
15700
15100
15600
14800
13500
6100
15400
14000
14300
14100
15700
6000
13600
16500
14700
14700
15200
14500
13600
13500
14200
14100
14500
15300
15400
14500
15100
16200
17200
13600
13400
13900
14400
14200
15800
15900
15000
13800
15000
14200
14300
15100
17100
15900
16300
16500
14700
15700
6900
15100
14100
16700
16000
15300
14900
13800
15000
14000
15200
16000
12700
13500
16000
15100
15500
4600
15300
14800
14500
14400
16000
15500
14600
14800
15900
15500
14200
13700
15900
14700
15900
4500
15700
16000
16000
9300
16000
16300
15400
15700
15900
13300
14500
8900
15900
9300
13600
14400
13900
15900
13800
14900
14100
15700
14500
15300
13200
13500
15000
16100
15000
16800
16100
15700
16200
9900
17400
4800
15100
14500
16500
16300
14000
15100
17000
15200
15900
15900
14500
14400
12600
14300
14100
15500
1000
13000
16400
15800
14500
15500
13600
14100
14500
14800
16000
13900
15300
15700
7100
14900
17500
13300
15100
14900
15200
14300
14400
14800
15100
14500
15100
16000
15900
17000
7600
15600
15300
13900
15400
14200
16100
15200
13500
4800
15200
11500
15600
14500
16000
15500
13900
16800
13900
14900
14500
15200
15300
16500
4400
10500
15500
14400
14300
14400
6400
16600
14200
16900
12600
15800
14600
14200
14100
15900
14400
4100
16300
14800
16900
15900
16900
15800
14700
17000
15500
13500
15100
16900
14500
4200
13900
6900
18500
16800
16100
16200
15500
14900
17300
14800
8400
13800
14900
3000
15400
15100
15300
15600
14900
15000
9700
14600
15200
13900
15600
14800
15100
14500
13000
12300
14500
16500
14600
15800
7600
15100
13900
14800
13600
14900
12300
16700
17600
6700
13900
13700
13700
14800
14900
13500
14800
15100
15300
13100
15300
13600
13800
16200
13600
14800
15800
15300
14300
13900
14200
13500
14200
15700
14200
15000
15800
14500
14800
13900
12800
14500
13900
14500
13100
12700
15100
15700
15000
13400
14800
15800
16500
17000
16200
15600
15100
14200
18600
14100
13200
15600
15300
13300
13500
16500
7200
14500
14600
14700
14700
14800
15700
13400
14800
14600
14700
13900
16800
15100
15500
15500
14300
15200
15000
15700
14500
13300
14700
9000
13700
15400
16800
11600
17500
15700
15200
14600
14500
14600
13900
15800
16200
13400
14900
16300
14600
15900
14900
14600
14900
15700
13500
15700
15300
15100
17000
8000
13700
15800
15300
14100
14500
15500
15600
16300
16900
14000
12700
15300
15300
15100
16000
14600
15500
17200
14300
16700
15700
16100
14400
13700
7300
14500
2900
14700
15400
2400
15500
14300
15200
17100
13600
15100
15400
14600
15800
15000
13800
15100
16200
15400
14500
12700
14800
14400
15000
14000
13800
12800
14100
15600
14600
16600
14500
13600
15400
15100
14500
13400
14400
14900
14900
14200
15500
15400
15900
16400
14800
14100
15200
13300
15900
14100
16700
16100
16000
16100
16700
3200
14700
14700
11000
13900
14700
15800
14000
15500
13300
16100
16600
15700
14100
15100
14700
14900
14500
14900
15200
14800
13500
14300
13800
14900
13500
14600
14000
13700
15600
14400
14200
14500
13800
15600
13800
14100
12100
14900
14700
14000
14800
15100
15300
13700
15900
14000
15600
16100
15100
15300
15900
15500
14600
15500
16300
13700
13200
14900
14500
14600
15400
15300
15800
16200
13400
14800
14100
14600
15500
14700
15500
14800
14600
14400
15900
16800
14300
14100
14800
15300
14200
13700
13000
15100
15100
15600
14600
14100
14800
12900
15400
14400
15100
14300
14300
14700
14800
3500
13300
15000
16500
15500
15000
13500
16300
16600
4600
11000
16200
15900
14600
15000
16400
13700
14900
14200
15300
14500
16700
14900
15800
15500
14200
14600
14800
13900
15200
13500
14400
15200
14600
13200
15400
14700
15100
14900
15300
13900
16100
16600
14300
14400
15000
16400
13600
13400
14700
14600
14200
14700
15200
14400
5800
14600
15000
15300
13700
15000
14200
14500
13700
14400
14100
14900
14800
16500
14600
13600
15900
13900
15800
15300
12700
14400
14200
14100
16800
14400
16800
16000
15800
14600
14400
15400
14800
15600
14300
14200
14600
6700
14800
8800
16500
16500
16300
14900
13700
15200
14200
13500
17400
15500
15100
15400
14600
13900
13400
15900
15400
14800
17300
16100
15100
15300
11100
14600
12900
14700
9000
15100
14800
15300
19000
16300
12400
6800
14000
15400
14200
15600
15800
15300
14300
15400
10600
15400
14900
12700
16100
6600
14400
14300
13300
14500
15500
16300
14200
15500
15400
13900
15900
14300
14200
14500
14100
14700
14500
15500
15500
14600
14400
14300
15300
14200
15300
15800
15200
15200
16900
14300
14400
14400
14100
17100
16700
15700
14300
15300
14900
14600
13800
13500
14700
14000
14600
17100
16700
12700
15100
15200
13200
14700
15300
14800
14900
13200
1100
14200
14000
13100
14400
14700
15000
15700
14400
15000
15200
14600
12100
14300
15100
15300
13800
14400
13600
15600
14500
15500
14000
14400
14400
14400
16100
14600
15600
16900
14100
15800
14100
14300
15300
14900
15300
15000
13700
15400
14700
15300
14900
13400
14500
16300
14700
15100
13600
14200
15700
15400
16000
14700
15300
14200
6900
13500
15500
14400
15700
16000
16100
14800
15500
14800
11500
13600
15500
15300
15800
14200
11600
15400
15300
14900
16600
16600
16400
16200
15100
16200
15200
14100
15100
16000
15600
15500
14700
16900
13500
15600
15200
14700
15000
14800
15800
12900
14200
16100
16000
17800
9700
15200
16300
15600
15900
14300
14900
15000
14200
13300
13800
13300
13100
11000
16000
14900
17100
16200
14300
14900
17100
9600
14900
8900
13500
15800
14500
15200
15300
15200
16300
13200
14300
14300
13900
14800
15000
14400
15400
14900
14200
5000
14200
14200
15500
14700
14300
15800
14100
15500
14700
14500
14400
14600
7400
16400
15700
14300
14600
14800
14600
14500
16200
14200
13300
15100
12100
14700
14300
13900
15500
14600
15200
15300
14200
15300
16400
15800
15500
15600
17200
5400
13800
14400
16500
17900
14500
15200
12200
18400
13500
15200
12200
15500
15100
15500
16900
2600
10300
16700
16500
14900
14000
14000
15400
14100
8700
14200
14300
14900
14800
16200
15200
14400
15400
16800
15200
14700
15200
15500
15700
11500
15900
15500
14500
14900
15800
13000
15900
11300
14300
14900
10500
17000
14700
14300
13900
15700
13800
13800
13100
12100
15200
8700
13800
16300
14300
14900
13600
16400
15100
13500
14200
15200
13900
15600
14800
16200
14300
15400
16000
15900
13700
8300
14300
14900
14300
15600
16100
13400
13300
15200
14700
15600
16500
3900
16000
14600
13300
15100
15000
15500
15300
14900
14900
16100
16100
16700
14800
16900
14500
14900
14400
15100
13500
17000
15200
16100
15000
16700
15200
17300
15500
15200
14000
15400
14700
17500
16900
15100
15200
14900
15300
15000
15000
14200
17300
14900
14600
15600
14000
15200
13800
16500
16300
11700
15600
15500
14400
15600
18000
12000
15300
14100
16500
17400
14400
14500
15400
15800
16700
14100
16300
17400
15600
13800
13200
16200
14400
14100
15600
14700
17000
15500
14800
16800
17000
15500
14500
13900
14600
15000
14700
14500
13500
16600
17400
15200
14600
14900
15200
15000
14400
6900
7800
15800
15500
15200
15900
15300
14700
16100
17800
15700
15500
17600
15900
14800
16300
14500
13700
15000
14500
16700
15000
16300
14700
18400
17000
15300
14100
17400
14700
15300
14900
14500
17800
15300
17400
16900
17100
17200
16400
14500
13800
17300
15600
16000
15100
10900
11600
16000
16900
15200
15200
15200
17600
15600
14900
15100
14700
14800
15100
16000
14900
13800
15700
15000
17800
16000
14100
17200
15700
14300
14200
14900
15400
14800
15700
15200
14200
16000
15200
13600
6900
14500
15300
14500
13800
15200
14000
18500
13700
10900
18100
15600
14100
8600
17200
16100
13400
15100
14600
15600
15000
14600
16200
16500
8300
13700
15800
17000
15900
16700
16500
15600
16600
7900
15800
17500
14500
16400
16100
15400
17000
15400
15700
16400
18300
16600
18200
15600
15500
16800
14600
13900
14100
18300
4700
15600
13700
15900
16200
15800
14500
15600
15900
17600
16500
17800
15100
17600
17200
15900
15100
17600
15700
18100
15500
16000
17100
15100
15300
13000
15500
15500
15900
16500
15400
16200
15900
16600
16800
7300
14400
15100
15900
13300
14100
14500
5300
15000
7700
14000
7300
16900
17900
15700
15300
15500
14400
16300
15100
15000
15500
16200
14200
14900
15900
15400
13500
15200
14800
16700
14400
17000
14800
14300
15000
16700
15400
16000
15300
16000
17600
15800
16800
15500
16600
15800
17100
16500
14000
16800
16300
16600
14800
8300
16200
13600
15000
15200
14100
10000
15800
16400
15600
15300
13700
14800
13900
12200
16800
17400
15500
14700
13900
15900
15900
17200
16200
15600
16400
15000
19000
16200
12600
14300
15400
14400
14100
14600
16100
16400
15800
16000
16400
16500
11500
15700
14500
17900
15700
16600
14600
15500
14200
11100
16200
14800
16300
13800
15700
15900
14500
15100
15900
16600
3200
16300
14300
14700
17500
15500
14000
15800
15200
15400
14000
15900
14500
15000
14700
17000
17100
16900
16700
10100
12700
14400
14800
14300
15500
14600
15100
14700
15000
15900
13800
13900
14500
14100
17200
11100
16000
14700
15000
